0 3389
1 2199
2 269
3 3398
4 4338
5 1268
6 2373
7 2023
8 1371
9 2674
10 3467
11 2561
12 4343
13 971
14 264
15 3474
16 3366
17 3689
18 3871
19 617
20 4045
21 1954
22 76
23 2689
24 3516
25 3722
26 3700
27 1745
28 211
29 3833
30 1918
31 2764
32 3614
33 2178
34 3206
35 1244
36 2730
37 1289
38 1597
39 844
40 1877
41 2263
42 1591
43 3019
44 1031
45 2960
46 3502
47 972
48 267
49 1445
50 2237
51 4456
52 3688
53 3291
54 2940
55 1035
56 1407
57 1814
58 1274
59 2241
60 498
61 4163
62 2522
63 1611
64 1726
65 332
66 4026
67 2236
68 3838
69 893
70 4042
71 1361
72 1857
73 126
74 1621
75 3845
76 4460
77 1129
78 2469
79 240
80 3651
81 995
82 1378
83 2998
84 1606
85 4319
86 1971
87 1500
88 4046
89 4284
90 3181
91 4352
92 1791
93 2468
94 4091
95 2623
96 3264
97 2361
98 4459
99 2568
100 2184
101 2882
102 2945
103 330
104 2454
105 1688
106 2896
107 3148
108 3627
109 3241
110 2447
111 4532
112 1855
113 4309
114 4452
115 1163
116 4218
117 3376
118 3579
119 604
120 4344
121 764
122 3945
123 4251
124 2105
125 3042
126 3479
127 777
128 608
129 43
130 2278
131 946
132 3663
133 4430
134 627
135 4074
136 1852
137 3158
138 2565
139 1545
140 1867
141 3418
142 29
143 3814
144 1592
145 3791
146 1637
147 3658
148 3452
149 810
150 2034
151 991
152 3030
153 1859
154 1403
155 3029
156 2656
157 1364
158 3300
159 1945
160 1530
161 3431
162 1847
163 1839
164 1585
165 1475
166 2845
167 1374
168 3729
169 3795
170 899
171 367
172 2415
173 1270
174 2997
175 3652
176 184
177 3005
178 385
179 3897
180 198
181 650
182 4075
183 258
184 165
185 2778
186 3711
187 3469
188 4136
189 2602
190 2826
191 886
192 129
193 7
194 716
195 1008
196 982
197 1082
198 4409
199 2902
200 2969
201 2771
202 1287
203 4028
204 199
205 3928
206 3333
207 1136
208 4329
209 854
210 628
211 4306
212 3238
213 3440
214 3726
215 3406
216 2251
217 1525
218 3510
219 781
220 3554
221 3435
222 133
223 1542
224 2266
225 1436
226 851
227 1489
228 738
229 297
230 2923
231 2836
232 272
233 4156
234 2349
235 3302
236 2338
237 1728
238 1065
239 2367
240 869
241 2483
242 1335
243 4143
244 4546
245 1360
246 1412
247 4428
248 2267
249 4335
250 2562
251 171
252 1269
253 2380
254 908
255 158
256 1968
257 225
258 191
259 751
260 3177
261 1789
262 1186
263 1178
264 1362
265 2532
266 3335
267 878
268 2118
269 897
270 3045
271 3979
272 2506
273 3199
274 3379
275 2212
276 976
277 1864
278 1052
279 2572
280 3904
281 1818
282 1553
283 520
284 4071
285 1299
286 938
287 2404
288 1589
289 1555
290 2064
291 342
292 2058
293 2929
294 1593
295 2900
296 3695
297 1768
298 1348
299 2115
300 768
301 1411
302 2315
303 1107
304 2721
305 1729
306 3797
307 2609
308 1826
309 1616
310 729
311 3073
312 3483
313 146
314 657
315 4155
316 266
317 4540
318 1941
319 1537
320 2102
321 1903
322 4370
323 3225
324 4525
325 4124
326 1919
327 1346
328 2082
329 1737
330 156
331 2709
332 896
333 3999
334 3163
335 3351
336 2137
337 1890
338 4446
339 1018
340 1632
341 2510
342 3875
343 1306
344 3068
345 4477
346 1001
347 940
348 1834
349 2187
350 3533
351 2772
352 444
353 2715
354 3969
355 862
356 1310
357 1853
358 2027
359 4449
360 301
361 182
362 4472
363 3954
364 3764
365 1794
366 2970
367 3191
368 3276
369 1201
370 1667
371 4178
372 2477
373 1614
374 2231
375 1598
376 1109
377 2846
378 2897
379 1647
380 1751
381 81
382 1477
383 3899
384 993
385 1568
386 2586
387 4127
388 3540
389 3432
390 400
391 1742
392 874
393 2698
394 623
395 3309
396 4512
397 1995
398 4337
399 462
400 4275
401 2346
402 2979
403 1472
404 4221
405 2971
406 4550
407 508
408 1099
409 797
410 860
411 3517
412 3907
413 1108
414 2824
415 3881
416 3342
417 2833
418 349
419 1042
420 1427
421 3278
422 3784
423 1376
424 3735
425 903
426 3742
427 2527
428 179
429 1155
430 963
431 289
432 1821
433 757
434 2870
435 1204
436 1443
437 4095
438 416
439 3660
440 2283
441 3142
442 3015
443 1083
444 1197
445 987
446 4159
447 1036
448 4450
449 1401
450 821
451 277
452 4052
453 2834
454 280
455 1873
456 1654
457 4232
458 3823
459 4371
460 2504
461 2812
462 626
463 195
464 1095
465 4539
466 1015
467 2633
468 51
469 3487
470 383
471 673
472 2475
473 1586
474 1961
475 4479
476 4333
477 1894
478 3397
479 1441
480 3780
481 3959
482 3811
483 3134
484 417
485 4214
486 316
487 819
488 1300
489 85
490 3853
491 4523
492 1959
493 834
494 125
495 340
496 4169
497 1198
498 2587
499 3686
