0 3389
330 156
371 4178
486 316
695 4332
703 1301
797 3750
927 4276
1008 594
1017 2616
1051 4419
1065 2348
1106 2258
1172 4282
1307 3330
1342 2366
1403 3620
1751 3682
1816 674
1922 1508
1971 35
2174 4557
2177 361
2398 660
2514 4386
2632 4099
2820 2990
2912 2014
2949 1465
2986 2903
3096 3428
3193 2425
3218 2876
3366 3344
3452 470
3454 2050
3539 1711
3570 4131
3582 315
3623 2074
3697 1184
3793 4488
3835 1460
3966 3033
4072 1304
4073 937
4209 4415
4313 1375
4348 2324
1 2199
27 1745
87 1500
150 2034
475 4479
504 1234
694 3892
728 1481
777 2496
1015 3242
1018 359
1049 3641
1201 2008
1273 1050
1299 791
1309 3528
1726 3781
1786 3262
1867 2235
1910 2803
1975 1603
2156 4288
2320 1979
2374 3405
2379 261
2401 3443
2456 2664
2463 3361
2506 1202
2938 2046
3042 569
3195 2312
3321 916
3379 2693
3421 4227
3478 1285
3620 2143
3716 2591
3736 763
3751 4063
3857 4507
3941 826
3965 333
4011 3612
4021 66
4350 1792
4523 3717
4537 2577
4556 3458
2 269
126 3479
333 3999
671 181
687 3209
688 4080
734 2303
744 3809
824 351
900 515
902 4062
1099 720
1102 4087
1272 1413
1415 2802
2046 166
2229 1640
2454 1956
2461 3473
2549 2511
2678 423
2811 1493
2827 2147
3039 3762
3127 3816
3641 4312
3785 2755
3881 1466
4358 1387
3 3398
36 2730
825 276
1073 4179
1167 3650
1363 1707
1578 3753
2110 847
2213 1429
2298 4212
2502 785
2776 2141
3015 2769
3070 15
3101 2296
3313 4153
3679 1252
3829 714
3992 1249
4094 4231
4 4338
8 1371
14 264
30 1918
31 2764
78 2469
250 2562
449 1401
489 85
571 3820
580 3626
650 3827
699 1063
882 2729
931 3982
941 2393
1035 2142
1086 2982
1146 1988
1154 1893
1174 2741
1210 3468
1214 2097
1215 3195
1241 3230
1265 403
1391 2735
1565 1983
1576 4129
1604 395
1606 1182
1612 4318
1683 336
1771 1902
1860 204
1872 794
1881 3266
1887 2894
1902 2230
1919 2854
2026 1930
2124 3040
2309 3694
2367 719
2489 3122
2500 4439
2509 3779
2512 2049
2521 3328
2809 4496
2920 2197
2952 47
2990 1510
3085 651
3102 3556
3130 295
3305 573
3417 180
3459 2281
3473 3257
3538 3104
3621 4068
3636 3434
3671 4255
3745 2708
3839 1322
3853 3299
3916 740
3971 164
3989 3617
4010 151
4016 4070
4064 2004
4228 1699
4231 4392
4236 1549
4264 737
4368 1703
4534 3625
5 1268
1909 None
3537 3312
6 2373
35 1244
98 4459
116 4218
203 4028
325 4124
379 1647
443 1083
507 2604
535 4404
609 2536
612 2890
726 867
877 3222
896 215
1117 710
1209 2300
1217 709
1321 227
1377 3630
1464 1863
1542 1997
1631 3143
1643 712
1680 2140
1727 443
1864 3890
1886 1769
1967 2672
1969 3497
1974 273
2044 3322
2178 3664
2377 2696
2511 3808
2536 516
2596 3061
2728 775
2752 681
2810 2036
2815 3404
2931 1130
2948 2337
3065 2711
3162 743
3167 3542
3172 4410
3412 836
3552 2038
3662 1662
3705 2549
3741 3462
3894 1718
3953 799
4003 3957
4026 2575
4031 4325
4089 2306
4184 3565
4449 3975
4515 2905
7 2023
37 1289
142 29
243 4143
269 897
317 4540
335 3351
467 2633
574 499
595 4552
633 1313
773 268
875 1827
928 734
963 201
998 1410
1009 1219
1020 4102
1121 1290
1135 371
1198 1029
1206 3736
1208 318
1221 835
1224 216
1236 787
1383 3970
1840 3587
1865 3966
2007 3363
2028 2452
2107 3698
2282 2401
2336 3956
2455 915
2491 3987
2516 590
2537 2112
2545 4201
2579 236
2583 3829
2708 2381
2714 612
2847 3492
2856 3971
2869 2919
2975 4117
3072 2216
3383 1226
3438 1435
3494 2264
3508 2024
3522 1771
3567 1851
3590 1805
3734 2891
3776 4549
3936 4005
3977 235
4015 765
4139 1071
4334 3022
4344 2383
4533 None
4545 2913
25 3722
29 3833
58 1274
85 4319
125 3042
159 1945
172 2415
192 129
204 199
240 869
266 3335
289 1555
299 2115
312 3483
370 1667
393 2698
418 349
424 3735
454 280
457 4232
476 4333
492 1959
506 1677
516 3433
543 3166
562 2642
596 4321
623 3263
640 2980
646 463
669 202
752 2111
808 3280
809 3332
826 1700
847 3279
854 762
905 4116
915 3493
916 3740
933 2501
946 2840
950 4269
953 71
965 3715
1025 861
1026 1486
1030 3603
1037 1297
1128 309
1145 253
1159 2734
1194 3396
1222 3749
1280 1247
1293 500
1296 255
1311 3929
1395 950
1398 4211
1399 809
1410 2682
1411 2502
1422 453
1449 1575
1476 4377
1490 2907
1510 23
1512 715
1531 4138
1577 2319
1657 877
1693 4194
1712 3020
1724 2227
1740 1243
1766 1009
1767 4425
1831 4354
1903 1307
1938 94
1965 2557
1978 2556
1981 114
1982 724
1994 3080
2031 4544
2049 124
2068 1656
2085 1675
2088 970
2089 561
2092 2622
2101 3234
2127 3931
2148 1543
2159 2085
2164 2106
2169 611
2171 1899
2181 2434
2201 3378
2222 4283
2267 1220
2337 3258
2352 3593
2357 3867
2360 2078
2404 2195
2407 3459
2429 3743
2440 3894
2478 2864
2497 4528
2526 214
2531 3004
2552 2068
2553 163
2595 4200
2614 1261
2630 4521
2636 4526
2721 3383
2726 1944
2731 1512
2734 1879
2748 3384
2796 4077
2797 2985
2800 2878
2807 1942
2862 1426
2900 1319
2943 933
2945 3345
2961 438
2984 2421
3053 3179
3056 3893
3098 3514
3100 3690
3106 1680
3117 1385
3138 4356
3139 3913
3156 3980
3157 4219
3166 666
3180 736
3210 2518
3213 817
3214 816
3228 388
3238 3224
3249 1600
3271 4115
3286 4367
3307 2555
3343 4017
3347 3886
3363 684
3368 1406
3391 823
3402 2820
3428 329
3433 4196
3435 4323
3440 1279
3474 160
3493 376
3498 1022
3543 323
3589 186
3601 1521
3635 4250
3640 3847
3648 239
3740 3908
3746 1815
3774 3532
3796 3915
3854 956
3879 221
3884 2799
3975 4133
3997 2083
3999 4036
4043 1975
4046 1953
4055 2507
4083 545
4098 562
4113 960
4137 1824
4151 322
4197 3495
4200 2032
4225 3790
4273 574
4296 79
4298 1830
4332 3506
4371 4493
4377 656
4378 4274
4386 3337
4425 885
4462 139
4473 1175
4492 3884
4541 4069
4554 3515
9 2674
455 1873
1028 117
1052 3120
2279 2006
2555 3310
2662 2594
2998 3253
4198 808
4299 1280
4530 1883
10 3467
301 1411
416 3342
601 1840
802 1743
925 2123
937 547
1127 3354
1181 3365
1298 4118
1438 1225
1439 1222
1506 1453
1585 726
1609 929
1610 2185
1656 2416
1696 2805
1729 2624
1849 1094
1928 1405
1936 4345
1949 1192
1993 4478
2017 1884
2232 142
2635 2775
2640 3869
2666 4480
2673 868
2689 1357
2717 3637
2761 2318
2965 2983
3031 622
3048 3976
3158 1000
3176 2848
3217 2653
3229 2224
3354 3377
3843 4407
3845 3159
3848 73
3855 338
3948 2047
3955 996
3970 2228
4149 2424
4157 1844
4268 1724
4336 4057
4373 2524
4527 4165
11 2561
17 3689
39 844
62 2522
101 2882
103 330
120 4344
128 608
153 1859
218 3510
222 133
223 1542
237 1728
249 4335
261 1789
276 976
281 1818
298 1348
314 657
322 4370
332 896
343 1306
368 3276
402 2979
435 1204
440 2283
453 2834
531 1889
626 2955
638 4481
711 363
714 1982
721 2150
736 2119
747 2474
754 3752
761 707
767 1393
791 3903
801 3885
858 4018
863 966
865 4264
874 4541
892 913
919 1480
929 876
942 2564
984 2773
991 2419
1066 2832
1072 1352
1108 3268
1126 2728
1148 4348
1164 528
1195 1638
1226 2190
1270 3368
1277 3537
1308 1386
1326 3460
1331 4453
1372 2580
1387 1531
1406 24
1474 1308
1499 1551
1539 3964
1553 3605
1557 2972
1571 282
1580 3249
1587 2906
1634 2788
1636 3599
1648 1752
1665 308
1702 1909
1757 1054
1760 3099
1793 2309
1810 2180
1817 2821
1833 1682
1876 3765
1888 1068
1957 418
1959 2356
1985 2781
2024 410
2033 4448
2036 1446
2117 3081
2128 4170
2143 3381
2197 2597
2199 2207
2237 3367
2239 2254
2262 3098
2284 1901
2291 2936
2327 2394
2338 4229
2362 2993
2406 4307
2446 435
2473 747
2507 1974
2513 4384
2517 526
2520 2459
2543 2731
2550 1127
2551 4151
2586 1833
2600 1520
2611 2541
2612 2098
2639 3741
2670 863
2695 4157
2697 3003
2760 3037
2791 3544
2842 243
2871 3285
2881 1365
2894 2035
2913 3277
2940 3039
2957 4380
2987 2239
3012 2052
3018 3796
3068 478
3077 1337
3108 3386
3122 1132
3137 2116
3173 2719
3205 3086
3211 728
3268 4121
3269 1796
3279 2436
3280 1342
3302 2531
3392 1120
3405 3411
3407 3926
3414 2740
3416 3036
3458 776
3469 1305
3470 2570
3472 4376
3475 372
3490 102
3499 2357
3569 3649
3575 3804
3613 2984
3638 2578
3654 1671
3684 2075
3685 1881
3735 2514
3813 549
3825 275
3832 2958
3833 4289
3861 303
3918 1340
3919 2441
3923 2800
3925 2121
3939 2013
3984 4106
3990 702
4005 3141
4012 192
4035 4405
4048 2066
4069 135
4078 4034
4096 962
4112 1423
4125 4244
4129 4176
4140 415
4172 167
4203 4458
4248 246
4297 279
4389 2365
4407 1321
4451 3186
4479 682
4480 4531
4496 287
4539 3983
4558 1251
12 4343
20 4045
356 1310
420 1427
1000 1390
1544 1027
1777 426
1901 2339
2278 1106
2444 4298
2585 2388
2751 4134
2753 2754
3358 1073
3594 2702
3596 4334
3799 1002
4145 3027
4326 557
4406 3857
4435 1858
13 971
89 4284
338 4446
384 993
498 2587
740 2208
1023 2031
1101 3481
1140 1678
1213 3696
1233 2618
1394 1958
1504 241
1572 212
1668 4175
1776 222
1827 2414
1874 285
1980 2861
2108 210
2208 1366
2397 620
2494 357
2567 3153
2599 2183
2669 4033
2757 533
2793 38
2970 1843
3185 231
3212 2727
3260 4253
3382 648
3419 1702
3599 3622
3634 2858
3677 2871
3956 2297
4004 4510
4023 1469
4229 2776
4254 2670
4353 1695
4391 1150
4483 3900
4561 1749
127 777
253 2380
411 3517
528 778
618 4547
869 4295
1036 659
1315 857
1416 132
1819 3549
1944 2307
2061 3583
2095 1230
2165 1056
2250 3318
2310 2793
2466 4375
2598 2275
2729 1152
2818 3117
2983 3727
3071 3364
3580 1187
3737 2011
3927 1963
3935 339
4234 3100
4352 2328
4361 538
4412 54
4426 3667
4464 952
4488 293
15 3474
165 1475
236 2338
284 4071
288 1589
347 940
482 3811
586 2827
746 486
855 2321
864 742
979 1684
1168 69
1300 2372
1450 2260
2297 2154
2318 4162
2465 2095
2663 4261
3044 1484
3092 4172
3251 3699
3275 2819
3316 1373
3323 4515
3340 3196
3436 829
3536 3955
3761 224
3800 2127
3905 1882
3940 1141
4041 3118
4117 3218
4382 901
4507 3422
16 3366
117 3376
1105 2566
1674 2221
1954 1811
4536 691
34 3206
151 991
244 4546
247 4428
318 1941
372 2477
556 532
657 3150
805 1171
841 2612
997 2437
1047 525
1230 1332
1310 4014
1389 4085
1402 2611
1447 3592
1516 4369
1527 744
1597 1807
1655 194
1708 965
1778 1450
1829 70
1906 148
2002 2497
2096 3902
2194 3754
2218 2994
2227 1689
2292 668
2321 4435
2415 793
2431 4538
2436 1712
2495 1259
2527 2660
2581 501
2658 2262
2828 4268
2853 934
2879 3653
2904 2875
2968 1273
3080 4363
3110 2445
3126 57
3200 3074
3224 3252
3312 3478
3367 3704
3393 327
3397 1176
3425 2895
3429 177
3431 4301
3587 2314
3649 39
3773 1231
3869 1384
3908 2248
3983 3631
4006 1666
4179 1422
4252 961
18 3871
264 1362
480 3780
567 3921
749 1097
1481 3340
1841 3858
1859 4437
2149 2389
2346 1556
2475 3391
2587 4197
2911 3076
3010 2847
3342 1399
4133 75
4224 4202
4413 981
19 617
300 768
405 2971
818 1887
827 4189
1104 2745
1721 1554
1926 3539
1955 1898
2135 1113
2667 4418
3350 1026
3568 1213
3951 2705
4303 2975
4385 2675
4431 4096
44 1031
182 4075
220 3554
309 1616
344 3068
385 1568
763 26
779 1672
800 3048
820 2838
852 465
878 3353
938 1686
978 1041
1098 1341
1455 1084
1483 3941
1685 2921
1772 3402
1789 2785
1925 80
2205 3000
2273 2733
2323 858
2393 3576
2654 2153
2739 3638
2788 3085
2859 2181
2906 1496
3033 517
3073 3531
3115 1146
3181 3582
3189 2748
3669 283
3693 2472
3754 936
3826 2170
3867 353
3913 1760
4226 3724
4233 4315
4247 1617
4307 1927
4324 1395
4362 1245
4445 2282
4446 849
4466 959
21 1954
2706 None
22 76
304 2721
527 1618
793 2944
872 466
964 1691
1339 2851
1477 3097
1701 2645
2075 2138
2355 745
3562 3303
3619 4324
3891 2295
23 2689
74 1621
110 2447
406 4550
701 2016
956 2885
1555 169
1882 2089
2361 1372
2385 1781
2477 14
2616 3730
2916 3371
3143 3589
3518 928
3558 1820
3767 1985
3797 4183
3865 3275
4194 3066
24 3516
534 3958
985 16
1016 1196
1045 3161
1397 1096
1660 4058
1715 262
2505 1633
2880 2161
3450 331
3480 701
3615 2850
3962 2055
4088 3677
57 1814
209 854
494 125
634 2343
833 3520
1119 3541
1187 4246
1204 4403
1788 3721
1897 2325
2560 2662
2575 2862
2602 543
2759 2122
2814 4351
2873 2210
2886 464
3273 3656
3448 917
3466 1
3702 11
3994 1734
4325 2091
4415 2220
26 3700
59 2241
64 1726
156 2656
180 198
239 2367
324 4525
414 2824
432 1821
579 4119
829 4287
1094 4233
1212 795
1319 640
1376 2015
1414 4126
1473 3429
1536 3498
1669 424
1815 943
1826 162
1983 384
2041 900
2043 3584
2074 436
2619 4040
2696 172
2867 3968
2980 506
3083 2442
3274 233
3294 1655
3420 2881
3608 226
3836 1831
4061 4144
4087 3756
4119 504
4188 1578
4263 4390
4508 3446
4516 2617
4550 1716
496 4169
895 3193
1090 618
1322 4278
1343 2175
1359 4098
1443 310
1723 2942
1930 19
2152 2041
2558 2911
2661 1093
2687 3083
3816 4084
3823 2391
3887 112
3892 3960
3982 3233
4317 4519
28 211
119 604
211 4306
311 3073
321 1903
329 1737
544 1709
590 1991
615 3538
665 4361
839 1943
1149 2330
1246 4451
1328 2478
1365 45
1431 2128
1513 3336
1525 887
1591 4508
1679 1367
1806 1532
1822 2786
2240 4273
2648 2427
2749 1032
2775 36
2794 3985
3165 1785
3295 56
3337 456
3565 4056
3696 2288
3780 3065
3877 228
3907 40
4161 2456
4167 123
4256 2538
4315 678
4337 1049
4355 4299
4369 2364
4372 3317
4379 4341
4513 4222
4548 3401
68 3838
93 2468
179 3897
395 3309
445 987
448 4450
570 1298
656 1233
778 3518
1044 2807
1091 2320
1103 3133
1109 2480
1161 3178
1244 1869
1261 3147
1264 2045
1720 1488
1814 3817
1847 1950
1866 4082
2000 3425
2023 1670
2051 3824
2105 2818
2188 2476
2192 2783
2261 3807
2727 4378
2837 521
2969 1451
3066 3070
3144 2968
3225 838
3232 910
3234 3346
3422 3057
3676 1735
3692 2546
3824 1663
3841 1414
3963 2789
4070 914
4102 27
4127 2986
4163 3628
4304 1870
4346 907
4351 1790
4370 1875
4427 1615
4459 3676
206 3333
465 4539
515 446
617 920
876 3102
1122 4303
1267 1210
1375 120
1428 686
1593 2096
1646 2714
1673 1055
1725 401
2130 2360
2330 3873
2365 3951
2822 3075
2852 217
3309 3950
3504 1741
3541 635
3666 4529
3804 335
3828 2280
4470 2822
38 1597
540 4184
1003 3108
1013 2600
1649 341
1722 1810
1890 1664
2163 64
2613 3221
3803 846
4142 1098
4199 4083
32 3614
109 3241
282 1553
307 2609
551 2377
557 1157
607 1007
666 4248
846 2760
868 911
898 3788
967 116
976 1694
1271 2603
1333 2961
1441 4015
1592 2344
1620 2423
1642 4374
1731 3270
1946 735
2030 0
2084 4241
2093 3939
2139 1916
2207 3561
2335 1850
2504 822
2609 382
2621 1100
3078 2809
3168 2584
3186 2253
3301 193
3484 566
3488 3410
3588 649
3600 2774
3873 3183
3893 1253
3957 1764
3976 3624
4033 2331
4215 2428
4220 2590
4271 4180
4338 3557
4503 4152
4506 4475
33 2178
229 297
460 2504
853 314
894 3672
2647 3801
2762 3408
3410 3705
4105 2551
210 628
419 1042
513 1005
538 1389
709 3482
932 2157
1048 4560
1071 1209
1253 2701
1362 4215
1425 1601
1435 3154
1457 2909
1605 1648
2016 1952
2134 398
2339 4533
2412 1524
2607 1876
2890 932
2979 2449
3164 1775
3598 578
3678 4379
3876 1819
4024 1167
4044 176
4100 1795
4395 1021
4497 1003
40 1877
48 267
49 1445
51 4456
61 4163
122 3945
133 4430
147 3658
149 810
154 1403
183 258
215 3406
241 2483
278 1052
286 938
306 3797
319 1537
351 2772
358 2027
433 757
520 2287
524 2828
598 3832
635 2849
674 4498
689 480
692 2886
693 1651
785 1906
796 1660
810 256
812 2978
840 1211
901 3319
922 990
936 2379
951 2866
958 109
1001 2164
1032 3441
1058 2092
1075 296
1079 1266
1160 4520
1165 366
1175 99
1182 1625
1183 1581
1192 2648
1227 939
1229 2932
1235 4173
1268 3891
1269 1123
1318 2250
1467 1913
1522 587
1533 432
1651 1669
1687 1574
1735 3550
1761 2798
1763 1848
1821 4225
1823 1316
1851 4204
1873 3962
1883 2029
1913 2359
1951 208
1960 1727
1997 265
2004 481
2029 2752
2032 3731
2052 1327
2063 634
2097 61
2115 2966
2119 3248
2120 3767
2121 4420
2233 2640
2343 2585
2351 358
2353 2273
2363 689
2375 392
2390 643
2395 2413
2430 502
2459 1507
2538 2739
2572 1511
2652 1509
2653 935
2693 3837
2699 4385
2722 4305
2733 4365
2738 4355
2747 1657
2789 1907
2846 106
2848 1871
2883 3290
2884 1582
2982 1276
2985 600
2997 1053
2999 1676
3050 1294
3063 2629
3081 3245
3105 3608
3159 4492
3219 2286
3220 2136
3221 2294
3226 894
3255 1458
3270 2410
3315 1164
3332 725
3365 1064
3500 3819
3527 4217
3631 772
3643 1917
3725 2179
3783 2341
3790 4468
3792 2131
3807 3151
3818 1886
3898 2589
3901 1808
3929 697
3954 479
3972 2301
3996 2176
4052 4442
4054 1272
4086 10
4090 2946
4121 1936
4138 292
4146 2467
4183 4149
4185 2009
4213 4177
4240 3213
4242 2005
4275 2651
4284 2637
4310 2077
4316 3745
4339 219
4347 1256
4405 1767
4409 1544
4410 3995
4416 1874
4418 3570
4461 3313
4484 455
4485 244
4490 3491
4514 1432
4555 4078
118 3579
173 1270
628 1797
700 1725
1528 3984
1575 3419
1743 230
1812 4203
1824 2962
2317 925
2443 4431
2457 2553
2836 3706
3408 2874
3809 141
3875 3910
3960 4382
4036 3942
4222 2639
4238 3948
364 3764
1607 145
2659 2487
2724 3014
3979 2505
4531 4447
4540 1421
131 946
268 2118
308 1826
396 4512
431 289
469 3487
474 1961
723 1318
816 1812
1057 2317
1060 3207
1095 3427
1107 2209
1116 1588
1139 2198
1178 2350
1238 2517
1248 614
1409 3445
1420 713
1472 108
1582 1470
1675 2148
1908 2547
2071 1370
2098 1535
2158 2947
2179 3449
2257 3287
2368 4513
2418 223
2419 3169
2641 3072
2691 4252
2707 1006
2764 1438
2833 2457
2902 2411
3041 3914
3054 3227
3141 2523
3177 1278
3387 529
3390 128
3400 4030
3501 1561
3566 2340
3572 3685
3604 3380
3668 1501
4058 2342
4136 973
4166 None
4235 4286
4305 2694
86 1971
97 2361
140 1867
166 2845
197 1082
251 171
337 1890
355 862
655 3615
717 3863
756 391
803 2938
815 3137
983 394
996 1567
1014 1377
1084 6
1124 4049
1129 2856
1133 2749
1317 2991
1445 3806
1468 2163
1480 1502
1498 1494
1622 1061
1644 1931
1692 513
1707 3794
1768 1442
1769 661
1805 93
1852 652
1898 2758
1904 2001
1962 667
2079 1683
2180 3372
2195 4021
2228 519
2234 3874
2235 4003
2295 113
2332 3217
2344 1636
2400 708
2496 591
2542 3259
2656 425
2770 337
2783 3854
2870 1044
2875 3373
2910 4224
2923 2201
3036 48
3277 3369
3306 3343
3373 815
3374 2010
3380 1128
3396 2509
3446 3563
3560 2458
3583 905
3628 2336
3661 77
3726 3932
3747 859
3844 3025
3862 1838
3882 2146
4084 4373
4103 3024
4259 2880
4330 2334
4398 1642
4432 629
4551 3577
66 4026
273 3199
331 2709
525 3079
541 3013
610 4097
647 2453
837 510
999 2155
1115 2657
1153 1674
1327 3974
1488 2162
1489 3069
1532 1948
1616 1417
1690 695
1804 3417
1828 3043
2025 523
2034 1673
2047 1240
2056 1697
2091 598
2371 3751
2445 983
2476 3091
2493 3852
2541 3855
2563 67
2597 4482
2605 2671
2631 548
2638 3594
2743 969
2746 610
2864 3009
2874 3055
2897 55
3061 4122
3119 4511
3124 1541
3248 839
3326 4031
3462 476
3528 1478
3626 2398
3786 104
3928 3210
4020 3512
4047 140
4126 3182
4309 42
4519 3111
41 2263
257 225
316 266
1242 890
2059 3114
2176 2686
3259 1025
3787 2302
4343 472
42 1591
95 2623
673 3437
1100 1900
1434 1379
1485 3113
1807 2347
2122 1626
2510 44
2554 4079
2732 3674
2992 1358
3013 3002
3059 4487
3227 3693
3296 1263
3395 3289
3398 1766
3748 2040
4287 22
43 3019
305 1729
315 4155
439 3660
523 185
848 2435
1144 1117
1659 3294
1794 4007
1809 2466
1927 4429
2066 1038
2167 3940
2172 4357
2314 3470
2674 3453
2685 2520
2821 4328
3140 2601
3266 4181
3308 2761
3686 3088
3722 2904
76 4460
104 2454
195 1008
245 1360
608 3272
1123 760
1150 2403
1166 2327
1199 2684
1755 355
1858 1277
2050 784
2294 646
2515 688
3062 3590
3079 1295
3418 4210
3427 3283
3578 1570
4077 3523
4152 3669
4365 2345
4402 4160
4560 1218
45 2960
121 764
271 3979
366 2970
377 2846
413 1108
425 903
459 4371
599 488
632 1986
639 3306
718 4360
1260 2158
1341 949
1471 3505
1563 149
1785 412
1885 3595
2011 63
2129 4050
2168 586
2204 3101
2212 750
2421 2276
2452 696
2499 3815
2570 1652
2623 450
2804 2265
2863 2464
2921 1832
3257 2795
3547 3017
3687 2999
3810 3998
4080 1468
4111 2658
4159 4438
4196 3388
4399 3545
46 3502
138 2565
200 2969
334 3163
438 416
529 252
850 1519
903 756
1088 2406
1306 4490
1345 3149
1448 1139
1943 3450
2116 3758
2643 3673
2926 3001
2934 1976
2960 4491
3019 833
3357 3558
3404 3106
3529 1801
3694 3524
3771 4553
3904 2663
3988 4130
4176 2548
4340 2535
4397 90
4468 3647
47 972
518 3665
690 3205
934 2996
1586 3923
1608 1014
1653 1973
1968 1183
2755 1932
3011 3421
3244 1181
4060 2081
4392 1773
90 3181
130 2278
381 81
434 2870
444 1197
561 3062
600 213
698 1823
760 1162
843 2914
960 2920
1012 3504
1061 889
1202 1459
1433 3644
1446 3223
1478 3184
1676 1404
1691 1803
1746 1328
1795 535
1912 1473
1948 2860
1966 1981
2145 206
2249 1690
2413 942
2484 4545
2603 1206
2692 3007
2779 377
2893 218
2909 3232
2930 2722
3109 250
3355 278
3612 3759
3658 2619
3768 4339
3864 730
3896 2691
4008 2804
4276 2152
4349 3508
4374 2370
4465 3189
4522 706
277 1864
346 1001
484 417
631 473
890 1148
1004 1462
1063 766
1329 3424
1419 294
1494 4037
1628 1599
1818 1207
1915 2560
2060 3454
2136 4188
2263 1078
2325 947
2498 2080
2519 3924
2845 898
2941 3659
2953 3214
2991 1644
3037 1179
3192 786
3293 58
3317 703
3479 2133
3763 304
4045 3917
4081 1713
4246 3933
4535 119
50 2237
412 3907
505 4123
643 687
667 2492
706 2666
772 3288
911 3093
1092 3358
1097 3298
1285 4330
1340 4466
1358 3546
1479 1235
1519 190
1524 813
1694 4145
1734 2910
2258 1896
2315 3828
2460 2780
2576 344
2740 3697
2750 1215
2829 2779
2889 3755
2932 147
3005 1241
3043 386
3111 449
3510 1043
3593 3056
3762 1448
3889 4441
3912 2678
4101 1696
4201 4474
4366 1467
4452 2299
146 1637
566 1039
678 3216
906 1133
1355 2608
1739 2100
1744 2889
1986 2460
1989 3547
1991 3634
2170 4240
2274 483
2556 1159
3310 3938
3531 803
3974 1487
52 3688
404 4221
677 912
764 636
1451 3771
1889 1895
2015 25
2183 3438
2872 3392
2963 4322
3320 4006
3334 1650
3607 2026
3711 3155
3757 313
53 3291
79 240
102 2945
158 3300
207 1136
477 1894
583 1878
624 988
889 3284
893 3606
972 290
1031 3621
1141 2981
1171 2957
1225 2830
1545 1514
1550 675
1613 1923
1666 3110
1736 3129
1781 1456
1825 3305
1850 1526
2073 1105
2254 1590
2255 4191
2299 3426
2340 3064
2341 1433
2405 1479
2409 2120
2546 1190
2606 3171
2620 3244
2677 1134
2763 1323
2780 2676
2955 1091
3150 732
3171 286
3184 1999
3353 552
3461 592
3483 3455
3520 12
3629 4381
3659 2408
3727 605
3842 2107
4062 1419
4116 2412
4214 4394
4230 307
4249 2736
4448 4047
54 2940
152 3030
578 4506
1952 1835
2381 4561
2424 3843
3769 825
4053 3770
4411 2841
55 1035
897 1885
939 2908
994 2574
2082 2277
2946 4433
56 1407
1266 1173
3107 1066
3311 4019
4312 1868
83 2998
84 1606
256 1968
326 1919
327 1346
369 1201
383 3899
408 1099
464 1095
539 3170
603 2257
614 1929
649 17
845 2193
860 1283
1284 3226
1316 3254
1334 1047
1424 3236
1453 999
1523 None
1779 3058
2054 4411
2260 580
2287 153
2358 496
2450 1333
2768 3501
2882 1180
3002 2543
3058 2056
3201 4359
3304 4310
3540 3710
3576 2310
3718 1825
3838 2174
3931 3349
4135 1594
4164 3132
4189 1491
4293 3777
4517 553
4529 4182
100 2184
350 3533
660 284
1752 1258
1877 3511
3968 41
4144 4010
4414 945
60 498
697 4484
710 1934
1096 4535
1276 427
1281 1214
1716 2259
1738 3011
2528 1609
3381 1758
226 851
238 1065
274 3379
354 3969
478 3397
591 3916
672 379
1688 1829
2076 1381
2230 4120
2266 1905
2302 1051
2441 2012
2590 2455
2958 3357
3495 3324
3591 2516
3698 1897
3947 978
4202 3906
4210 3026
4489 556
4547 3032
157 1364
188 4136
214 3726
265 2532
388 3540
407 508
409 797
1083 2233
1681 1757
3325 3060
4255 3988
4417 2883
63 1611
819 3092
1900 1046
2574 2387
4384 3661
1040 4043
1325 1547
1430 3586
1846 1250
2610 2386
2719 274
3656 3786
4341 2725
4363 4236
65 332
111 4532
129 43
292 2058
1039 3993
1156 2759
1353 420
1390 1353
1717 3991
1899 3320
2391 4397
3045 3472
3133 931
3509 2554
3645 3255
4285 3925
123 4251
280 3904
456 1654
558 1086
645 2744
751 873
1292 941
1584 1440
1750 2335
1756 34
1905 2194
1935 796
1937 1822
2039 3116
2245 2482
2313 902
2472 4277
2562 1584
2665 2683
2887 957
2988 4166
3097 3864
3333 1081
3415 487
3519 840
3532 203
3791 4476
3915 3356
4165 4280
4434 3321
67 2236
842 1861
1976 4548
2694 1329
4502 1610
234 2349
787 1577
918 700
980 1430
1732 62
2083 2484
2617 4237
3132 3842
3503 589
4095 2313
69 893
4243 2873
70 4042
401 2346
867 86
2735 3265
3650 2368
4476 2305
71 1361
75 3845
184 165
403 1472
653 3629
716 311
774 2059
821 107
828 4234
1002 4434
1623 298
1664 1143
1728 3360
1802 1121
1854 3509
2190 514
2236 3671
3123 2090
3160 2922
3556 541
3577 328
3920 4148
4241 3760
4559 457
72 1857
297 1768
468 51
472 2475
676 2852
966 1506
1386 100
1502 2243
2220 954
2225 524
2865 690
3026 170
3720 458
3847 4471
3874 65
3914 2677
4290 3316
4364 3130
73 126
162 1847
193 7
342 3875
398 4337
835 2791
921 3423
975 1075
1179 1770
1245 4171
1254 3898
1283 1612
1297 986
1312 4092
1385 4242
1626 3800
1647 1990
1880 1763
1894 2753
1939 780
2126 1503
2286 1949
2311 1732
2331 2247
2442 2614
2624 1765
2650 1079
3254 4164
3426 2995
3468 1142
3544 1914
3683 3580
3860 683
4528 4522
503 3839
530 3503
795 3766
806 3175
866 189
1466 2630
2078 2043
2103 1706
2277 3087
2868 360
3187 1394
3338 1687
3439 4065
3553 1947
174 2997
181 650
254 908
1641 1408
2058 2289
2264 3084
2290 4198
2532 3250
2877 891
3285 2252
3389 2620
4107 3489
4308 1730
124 2105
879 1168
1350 2332
1551 1527
1583 1282
1714 923
2402 4186
2684 2291
2725 1922
3047 1665
3236 2255
3318 477
4186 4465
4237 4317
77 1129
400 4275
621 2643
1320 1016
1529 2901
2020 4220
3250 4226
3886 3063
4063 3666
4279 3643
4367 558
255 158
380 1751
495 340
1027 2953
1337 1229
1495 2019
1509 1189
1562 2432
1682 1428
1718 2382
2535 1019
3362 4270
3530 4008
3707 2114
3733 699
3946 3977
3952 1330
4329 1661
4475 4432
1461 2405
1914 2104
3149 3952
4356 522
80 3651
548 804
1444 1188
2013 4542
81 995
739 685
912 3714
1064 4290
1552 2989
1774 2132
2792 1125
3369 489
4195 4054
82 1378
185 2778
553 1750
1169 619
1595 1444
2388 2196
2723 2186
378 2897
447 1036
1125 2202
1371 3203
1706 259
1783 4038
1863 1114
3004 3198
3017 1571
3336 3416
3406 2173
3899 2385
4115 2797
4180 4135
4277 3375
144 1592
1232 2519
1698 1538
2112 442
2601 1998
2905 4292
2974 1587
3330 188
3897 3231
4168 248
176 184
473 1586
588 2048
856 3167
917 2125
959 2451
988 2695
2307 159
2386 3480
2503 3992
2626 1238
2774 3415
3134 4271
3674 1731
4181 645
4422 1528
1216 2925
1442 4383
1475 3347
1941 4154
2408 437
2483 1112
3516 4350
1336 2540
2915 4313
88 4046
91 4352
168 3729
169 3795
196 982
208 4329
233 4156
267 878
270 3045
285 1299
341 2510
390 400
554 3861
563 4011
564 2515
604 2355
605 3798
616 4304
627 1788
654 1560
658 3139
743 2219
757 3016
770 3041
814 305
830 2362
887 1540
899 2249
910 1802
1078 1349
1093 509
1220 1738
1239 4243
1294 2489
1304 3212
1313 1400
1429 2450
1458 3239
1526 3201
1588 2191
1654 4247
1713 4455
1884 3772
1929 1135
1953 3821
2035 3211
2037 98
2070 3712
2185 531
2196 346
2288 1059
2359 906
2376 2070
2529 183
2559 1264
2582 3623
2594 1396
2660 4009
2736 2813
2754 3909
2758 1576
2773 306
2876 2088
2888 534
2962 2588
2993 2681
3020 3555
3030 1118
3060 1668
3086 2766
3120 2680
3199 698
3222 676
3265 3865
3281 2420
3481 1392
3513 173
3550 414
3701 4497
3781 3877
3863 2053
3945 2710
3981 3529
4108 4185
4155 2926
4232 717
4239 4146
4251 2062
4266 3103
4319 4473
4429 205
4438 3260
4442 3444
4493 3077
4495 207
4499 3841
4524 1111
2319 2751
3051 3127
3292 1630
4261 364
4433 291
213 3440
577 924
1566 783
2435 1028
2700 3862
2989 2134
3099 779
3170 818
3491 3237
3630 1338
3713 2956
3732 137
3777 2816
4132 2599
221 3435
741 3611
2939 4461
3689 2916
4260 1595
92 1791
1370 3023
1869 1085
2001 428
2247 3125
3487 3314
3533 2699
3637 2376
3859 3670
3878 1447
4050 4524
106 2896
275 2212
555 3571
606 694
1080 493
1112 4296
1401 2067
1436 1799
1627 1880
1671 2887
1911 3683
2226 1723
2301 1474
2715 4408
2918 4291
3467 644
4510 3038
4526 3477
4542 2446
94 4091
907 4039
993 3112
1022 1565
1205 2444
2081 4044
2153 3247
3131 4436
3755 3109
4546 1739
143 3814
3087 2292
3154 3805
96 3264
112 1855
114 4452
187 3469
242 1335
246 1412
313 146
352 444
375 1598
394 623
417 2833
426 3742
510 1539
512 4320
594 3323
652 1698
685 381
702 3348
707 632
719 4421
725 4141
794 1124
823 2017
838 2060
888 944
955 2737
1053 121
1142 3632
1157 2638
1188 4216
1240 131
1243 1314
1251 4
1290 4401
1323 758
1374 3596
1500 3763
1507 2189
1561 577
1719 4132
1759 3573
1775 2217
1787 571
1790 2931
1800 2003
1813 4302
1878 3834
1895 1984
1917 1058
1999 1776
2003 2697
2057 1010
2113 1631
2133 1517
2193 3157
2214 3476
2248 1223
2347 3295
2356 948
2389 380
2479 3870
2480 1793
2485 2499
2698 3844
2860 3761
2972 2930
3055 1165
3069 2269
3145 3359
3182 321
3190 1013
3194 2738
3233 882
3243 4061
3287 1558
3335 1030
3352 4543
3356 3136
3413 3173
3455 2245
3542 584
3573 753
3651 967
3655 197
3675 3989
3778 790
3801 405
3806 3488
3978 927
4037 49
4059 1057
4092 2486
4122 3732
4227 1485
4258 3640
4357 2304
4419 1798
4450 1566
4453 4514
4478 2867
4491 3046
260 3177
1162 232
3006 490
3064 4396
3203 2879
3298 4139
3409 3228
4056 1910
4074 1354
4253 2491
135 4074
178 385
216 2251
272 2506
290 2064
349 2187
387 4127
430 963
546 2723
547 4551
559 3746
585 2767
691 3534
696 832
724 3461
732 1497
748 2598
765 4093
798 4346
1019 110
1219 1957
1228 850
1288 564
1378 3451
1380 2668
1437 4536
1440 2665
1459 1557
1630 3662
1733 1754
1797 2534
1798 1275
1844 2750
1956 800
2008 209
2053 3208
2086 1548
2090 1705
2251 2954
2271 3776
2275 655
2326 3090
2329 4503
2378 3773
2399 3507
2433 1989
2451 997
2564 2378
2591 3071
2668 3464
2702 2021
2843 1499
2885 2610
2995 447
3008 2443
3074 2168
3095 4505
3104 872
3178 3718
3208 482
3239 325
3252 2974
3297 601
3441 1147
3449 154
3505 505
3526 3562
3595 3935
3712 3131
3814 319
3821 1522
3903 630
3930 1012
4038 2605
4106 3246
4175 1205
4205 390
4295 1293
4376 2203
4394 3374
4424 1131
99 2568
2027 3713
2533 1993
3235 3522
466 1015
1538 441
2161 4205
2557 1140
2683 555
4082 895
4169 4388
175 3652
708 638
727 4110
729 3135
962 1546
1505 452
1564 909
1780 2440
1921 461
2280 1070
2304 1089
2345 352
2642 3341
2681 1144
2772 300
2834 2673
3241 320
3424 3521
3749 2796
3851 2270
4322 2763
4375 563
4501 3078
4552 118
488 1300
2010 647
2799 1482
730 2704
1338 585
1857 1101
1979 4463
2216 3107
1257 1505
1274 1221
1289 2268
1369 1933
1625 1736
1801 2688
1811 664
2111 559
2244 1772
2634 2222
2777 692
2786 1069
3197 2159
3204 3292
3289 1569
3667 2644
3714 1892
4019 4416
4171 3681
105 1688
3003 4265
485 4214
508 1779
1548 979
1861 445
1988 1921
2203 2613
3622 302
4383 4424
107 3148
113 4309
177 3005
374 2231
436 1443
873 348
957 824
1357 769
1535 2399
1558 595
1573 1351
1663 1317
1958 1424
1992 704
1996 2485
2644 3990
2849 922
2976 3412
3723 2794
3911 1996
3932 326
4042 59
4143 497
4323 3920
4333 2274
108 3627
705 4399
1796 4300
362 4472
576 1281
662 3887
735 1174
1158 1302
1454 677
1501 782
1556 2817
1942 3778
1984 1721
2109 1149
2675 4206
2819 4101
2841 597
3559 1347
4001 1552
4217 2284
4518 4190
219 781
235 3302
365 1794
446 4159
684 2407
731 2542
781 1060
789 3789
883 2615
1152 2935
1250 693
1303 4128
1830 3799
2703 475
3035 2948
3057 2726
3136 4297
3561 2606
3729 3585
4018 964
668 2917
786 3692
1753 3783
1754 4331
2132 1227
3672 4262
3704 3123
4120 679
376 1109
849 3530
1042 4104
1368 1208
1896 3619
2219 4413
2380 1195
3476 3395
3485 1431
3597 3879
4302 2051
186 3711
1456 3436
1470 3949
1603 926
1835 4195
1972 575
2062 1498
2087 4517
2420 2099
2676 3723
2701 1138
3276 1920
3502 111
3602 3338
4109 143
4381 4398
592 4443
682 4223
1110 1628
1263 1151
1672 1964
2206 3243
2925 1457
3246 3144
3348 820
3673 3826
3695 3447
3766 53
3980 749
4040 1681
4454 3334
115 1163
328 2082
1151 2631
1231 3709
1791 2927
2221 3390
2767 2422
2782 2271
2892 1398
2996 440
3088 848
3125 3525
3230 3362
167 1374
294 1593
303 1107
391 1742
479 1441
532 2825
784 4527
811 1992
859 733
891 4470
920 752
935 789
1191 3757
1211 2650
1252 347
1367 4308
1632 3261
1689 4107
1748 2632
2019 2144
2022 830
2040 2924
2064 2167
2102 3936
2140 1246
2238 474
2439 1402
2458 1939
2627 918
2655 1946
2664 1161
2682 3251
2825 2559
2922 1350
3089 439
3482 3744
3581 3774
3584 3370
3779 3194
3856 1194
3883 3235
4244 1658
4301 2042
4388 178
4477 2200
4511 2076
212 3238
1056 2002
1629 3457
1773 4555
759 2872
2014 1420
501 1965
1029 4485
1255 356
1742 2473
2099 52
2781 3734
2933 593
3938 1836
442 3015
981 468
987 9
1155 1518
1176 3215
1704 544
1834 1185
2272 3953
2474 4263
3261 96
3322 2934
4160 4022
4342 1200
4471 1296
487 819
545 4048
581 980
648 187
1077 1217
1286 1762
1534 3569
2805 1291
3756 3301
470 383
497 1198
832 802
1601 2439
1645 3490
1741 503
1842 4053
2256 365
2471 1439
2492 842
2548 3204
3324 491
3341 792
3437 1102
3521 2679
3633 662
3758 884
3794 46
4182 422
4354 1623
2447 1483
2929 2712
3147 3200
4207 723
4443 3737
4463 343
509 4027
536 3400
651 2033
2486 373
3492 1704
148 3452
1011 2625
1427 1331
3423 4556
3549 4125
194 716
720 539
831 411
861 168
952 1710
989 831
1218 4368
2269 3600
2522 369
2593 2649
2927 1397
3148 3846
3743 2533
519 2811
613 1639
1138 879
1349 1228
1920 4494
2826 389
3151 3648
3657 2007
3817 2884
3858 3448
3880 1536
3937 3399
4065 1311
4294 92
4456 568
2038 1080
2709 2065
2851 1425
3609 1004
3822 1309
428 179
4282 1166
132 3663
389 3432
170 899
262 1186
517 599
948 3551
1067 4167
1493 827
1614 4426
2012 3463
2518 607
2813 2018
3163 2525
3688 3442
3831 407
3834 2223
4212 4002
4288 3880
4404 2242
134 627
189 2602
217 1525
291 342
295 2900
422 3784
737 3536
971 1926
1074 2470
1200 1937
1514 3604
1617 3054
2832 1564
3284 2084
3443 2976
3802 2823
4505 3180
136 1852
2394 4001
137 3158
248 2267
753 4406
1891 680
3025 748
3339 87
3463 2000
4123 4025
139 1545
2959 260
141 3418
205 3928
2803 951
3647 317
3798 4174
4250 671
4504 2621
160 1530
320 2102
373 1614
1348 1643
1518 2810
1703 4440
1709 588
2055 2172
2131 1193
2157 2498
2265 3034
2285 812
2908 1550
2937 433
3034 1119
3237 4353
4281 4100
421 3278
1021 974
1511 1463
2202 2117
2686 1529
3764 3813
4156 2188
145 3791
1916 3675
3327 3575
500 1935
1870 2646
1892 3560
2005 3382
3103 3162
3253 1126
3444 1203
3515 1154
1570 4076
1621 1292
1637 3146
2936 2743
3514 1972
2334 130
2539 633
3014 3572
552 3967
1491 1951
1765 3919
2217 1464
2364 136
2899 3609
3028 1284
3128 1239
3403 1849
4267 3286
742 518
783 196
2253 3352
155 3029
3665 4347
3040 1255
231 2836
1173 984
1413 1368
1977 2959
3571 754
230 2923
1379 245
1931 454
2308 3703
2544 3716
3944 1817
4174 397
568 2025
1302 570
2125 8
2155 4389
2712 312
4034 2418
4190 1962
522 3588
644 579
2252 2641
3805 3831
4118 2943
161 3431
836 2792
2312 2627
3603 18
4178 3616
4221 606
323 3225
1010 930
1134 641
1305 3725
1836 3678
1879 485
2524 1980
2785 4501
2854 892
3206 2238
3359 2490
3917 2426
4030 3
163 1839
367 3191
715 4089
1050 3393
1638 4293
1639 1523
2021 2094
2861 1744
3152 1382
3346 3138
3496 68
3811 3095
3885 807
3985 1248
4380 3769
164 1585
3371 32
3546 2323
4009 654
458 3823
2224 4417
3730 3972
225 1436
755 4464
769 4258
1185 2951
1484 3642
2162 4336
2296 2135
2839 2521
2924 4213
2967 3096
3506 2808
3534 2707
3703 881
3739 4326
4027 3282
4148 4228
990 3888
1113 375
1170 2103
1546 3049
1737 2392
2137 3535
2316 1437
2437 998
2580 2358
2730 2977
2994 1938
3921 2488
4444 1692
4469 3802
713 1024
1069 3494
1234 3597
1487 2272
1521 866
1574 152
1770 3174
2322 1679
2566 3868
3738 805
224 2266
171 367
386 2586
415 3881
1463 1583
1503 13
1839 3548
2977 242
3345 1088
451 277
970 4444
995 3850
1845 711
3198 1860
4320 527
4455 3738
4532 2101
886 2396
2798 616
4437 4391
799 2528
885 2963
1190 2717
1848 3513
2956 4109
4472 1622
353 2715
1560 334
2184 281
2414 2988
3557 2462
3611 1172
3632 1224
3664 2333
3670 1037
3973 78
4014 3927
1677 1837
4032 2229
2688 2859
2705 2655
3680 467
807 705
1568 511
2123 2857
2231 3156
2241 2965
2328 755
2831 3559
3563 2072
4280 3187
4401 4349
1249 271
2006 919
1624 3803
1782 1912
2625 3680
2690 4502
3411 3996
4068 105
973 3668
1332 2912
1599 3315
2966 3018
3027 249
3067 368
4028 977
4029 3475
914 4554
1452 3271
2209 814
2765 2363
1462 2582
1547 101
1670 4208
2200 4245
2384 4530
3742 2145
190 2826
3360 3918
3524 721
3840 3866
227 1489
191 886
3331 1778
857 4558
944 2352
3329 378
1038 138
1132 2579
1581 4395
1875 1216
2138 1653
2571 1116
3849 1759
2449 3185
3465 3679
198 4409
569 2987
199 2902
441 3142
1590 953
2142 3094
201 2771
202 1287
923 1232
2246 2685
2468 4235
3016 2232
3116 2596
3196 2513
3432 2463
3789 596
584 3465
1007 1579
2144 471
2453 2756
2742 2073
3009 2500
3388 1806
4331 4060
4482 3553
679 448
1259 4158
1497 2898
1054 1315
1237 583
2971 602
3460 975
4430 2205
2903 3152
1418 798
2525 1492
3820 3543
880 3067
1600 870
3319 4051
3660 1262
977 624
1792 1110
1393 3601
2907 2139
3690 1137
392 874
622 2552
2588 2110
4093 3385
1223 3197
1347 2430
3846 2126
2942 572
2464 3496
3223 3006
228 738
483 3134
3967 4199
3278 2397
4460 2069
2711 2044
232 272
1803 1605
766 3471
792 3387
1070 270
2100 3168
2324 2571
2840 1928
4520 2835
2080 4113
2392 3304
3240 3413
3375 1343
345 4477
704 1559
2604 2256
3464 1813
3819 2829
4071 4114
2448 4314
2508 362
3731 4254
3032 2853
3161 3856
1046 4260
1745 2130
1615 3639
2578 4066
3183 4266
1695 3028
2403 3747
2589 2893
3653 718
3699 2512
4494 1862
619 1865
664 2402
3606 2647
575 1904
2182 2109
2802 1072
2951 2706
450 821
572 2526
712 2022
738 3172
904 3568
1041 2806
1130 3293
1196 1659
1262 3997
1373 1753
1710 1236
1963 2285
2530 3008
2745 3466
2769 2937
2784 864
2795 2950
2866 20
3114 727
3361 492
3512 2667
3525 767
3605 2493
3890 4486
4289 257
4400 234
4421 3912
4544 2129
2850 2742
597 2177
1392 582
2187 828
3142 3308
4141 631
1541 546
3174 1787
1247 883
2354 4500
2679 3822
2830 3485
252 1269
4549 1158
636 4094
4216 1260
4257 3591
813 904
1278 3860
3775 3602
593 1816
642 2595
680 421
1423 3164
2009 1303
2281 2354
2350 2765
2680 2567
4039 247
258 191
259 751
279 2572
560 2213
1143 2165
2018 1388
2411 3633
2423 3701
2716 1265
3627 1355
750 2374
1055 3812
2141 4012
2349 387
3456 639
4007 1714
992 460
1405 4427
1856 229
3024 3905
263 1178
4066 374
661 4445
2186 2390
3545 1267
3706 4209
1569 1115
1855 4032
2305 2226
2637 3499
3564 2952
4057 1254
2065 3687
2425 3052
4211 1177
4423 2661
986 1915
1163 3994
2072 2690
3507 4518
3900 238
3772 2020
4208 3901
4262 1418
4269 1572
3770 2057
3959 2669
4387 536
2710 3355
1711 2732
3644 3439
533 2369
361 182
2372 1048
1324 2839
2713 1746
3926 576
2175 2581
3303 None
3652 4340
3808 324
3872 2086
4114 4064
4441 3748
745 1717
844 856
1180 2815
2387 2787
511 2206
549 4279
1085 1960
1923 3943
2348 1804
2438 3793
2808 1777
4153 3202
4170 1708
4553 1449
283 520
397 1995
780 3124
1207 1461
1356 985
3084 4294
3760 845
4085 89
3812 2171
3682 3944
4218 434
287 2404
1275 4072
2342 2431
3401 4150
1784 1476
1932 1782
3029 1911
3871 2529
4022 1090
293 2929
1258 1573
1862 603
3453 1891
3868 2899
908 484
945 3581
1460 2465
1508 761
2891 60
296 3695
1344 2716
3625 3684
2645 3567
3895 1454
336 2137
2628 2293
3909 1034
4420 1320
4500 3635
2462 2700
2944 1077
3267 855
4306 4111
1087 4059
1540 3339
3586 4161
4311 91
423 1376
982 4366
1005 567
1068 3878
1678 1380
1940 2225
2608 3119
4390 1756
302 2315
4486 2687
4025 658
4270 3035
3579 4402
4327 4499
625 1693
2523 1087
2806 642
3179 4509
310 729
870 4142
1486 None
3216 2843
3961 84
4283 1170
463 195
1596 None
1838 None
943 3618
1469 609
3788 3273
3949 1720
4436 3578
1837 665
3614 2108
4272 1649
1661 2079
2569 4023
2106 3192
4481 2395
2973 2837
2718 2438
3592 2652
3969 4504
670 4238
611 3256
2954 2124
3784 1369
620 1620
722 3859
1407 746
3349 83
3943 1722
4067 2494
1335 722
4002 3986
4525 4029
2118 3646
2469 3810
3046 2607
4187 1846
339 1018
1147 404
2383 2151
340 1632
1432 663
2270 3128
2584 1646
2651 955
4206 2757
3646 2214
2481 3691
4538 4422
3001 581
1043 2448
3091 3082
3691 1604
348 1834
2855 4393
2778 402
565 3911
1279 2244
3585 3010
3090 3775
357 1853
1918 530
359 4449
629 2479
360 301
862 1504
3721 1969
4335 3526
363 3954
1114 4004
2432 1271
2720 3973
1364 3409
1537 3327
2744 3768
3000 1685
4124 2539
4557 3574
399 462
3370 2558
4292 4256
4110 3835
3129 3613
3744 3785
4017 4108
3299 4147
4000 3876
4134 1784
4177 888
3934 3930
2565 2375
3548 554
4130 1828
3153 560
1301 4414
3245 5
3708 1324
3924 994
1034 3895
2467 4041
3523 1761
4204 419
4291 354
4474 2790
382 1477
410 860
776 1416
3399 2768
788 2724
4219 2964
4150 1074
4192 37
4458 2635
630 2973
2573 4024
2577 2868
4360 2831
2045 2692
3451 494
663 2544
1417 2371
437 4095
1747 2915
542 263
4245 2495
4286 4358
1193 1490
3555 2941
3457 1242
3933 3051
550 4086
1764 3420
2042 1103
3231 2842
3950 1856
1089 3564
3290 3787
3852 1733
4396 3484
675 2471
1893 200
2790 865
3719 1356
4051 512
1382 1033
1554 1336
3112 1325
427 2527
429 1155
2189 237
2981 653
3256 2573
768 150
1330 4020
1843 469
2067 2718
3247 3934
3288 1516
3830 4285
969 3219
1059 127
4128 1580
3866 4364
3364 None
1465 3719
4512 1635
817 408
452 4052
1950 4516
2547 3782
2878 774
3639 3702
2370 3946
3075 1415
3113 670
3023 3655
1699 4462
461 2812
1705 2246
462 626
1346 3126
1517 3331
582 2279
1118 1854
3076 4281
3728 2160
2858 1023
4147 1533
471 673
2914 2844
681 2240
3155 3012
2427 3851
481 3959
589 3296
1361 2576
2276 4055
2396 3047
2895 739
3827 2626
4328 3607
490 3853
491 4523
3378 3059
493 834
3750 4140
499 3686
1381 3830
502 2654
2154 615
2622 134
2817 2888
1799 4342
3752 773
2482 4457
2243 3297
4393 4469
514 853
2198 2169
3118 3818
1184 771
1749 2550
1924 4454
2223 871
3471 1076
2211 4013
521 4400
4403 1257
1686 1344
2917 161
2978 1409
1131 1740
3007 1925
3215 1471
526 1326
1871 2054
4223 103
537 None
2823 3188
926 21
2434 2659
4075 1153
4131 299
4158 921
3372 1619
3314 3407
4154 4562
1412 507
2300 2563
2964 2211
1662 3160
2741 2747
4193 2537
2568 4187
686 1160
1404 3883
2114 2814
2490 2218
790 3267
2366 1908
4467 3981
3447 2784
1973 345
573 875
1543 625
2151 None
2615 3978
2896 4103
881 3311
2646 3961
3093 2855
3958 3645
1961 3053
3121 2703
587 542
2561 3882
2787 2311
3135 1145
2150 4137
3477 175
3902 3115
2077 3269
1482 843
3385 4073
2417 2939
637 3486
1388 350
3394 1011
3724 2384
602 None
1619 4483
3022 1169
1853 2326
4274 2713
2812 537
3618 3636
3782 1924
2671 2215
949 2037
3535 4192
2373 4534
4439 396
1120 95
1652 1345
1421 2636
3850 3728
3942 72
641 1237
4318 1563
1650 155
1520 4207
3082 1020
659 None
3207 2777
3765 2530
1579 2877
1033 3937
1062 2400
3993 1312
3328 33
1496 2583
2293 3598
2540 637
3610 4412
3642 2865
4509 550
2501 2429
683 None
2950 3836
4345 2634
4562 3394
2283 2204
2428 2192
3430 4316
2369 3527
3263 2782
1635 1701
1907 2028
4300 3519
1360 1715
2470 989
3376 1786
1006 741
1492 None
1515 157
2333 4105
3049 2351
3094 2261
4359 2417
733 1967
1832 1940
1990 4311
3663 None
2410 1608
3906 1339
954 2093
4278 None
804 2869
1197 288
2844 788
4447 2087
4457 2481
758 3889
4076 565
1700 459
762 None
1934 1970
1287 None
771 82
3517 3326
2146 429
2919 4467
775 2720
2268 3274
3258 1191
1186 2992
782 1845
1549 3840
1947 31
2801 370
4104 3965
3710 1955
884 4016
3384 4362
2838 28
822 1383
2242 3657
3870 393
2672 811
4049 3165
834 1122
3991 3044
2901 4257
2160 2308
851 None
2210 None
4099 115
1868 2892
871 1359
3434 1391
1987 3733
909 4000
913 3350
4321 2770
924 3552
930 2290
2835 1866
940 406
2382 1987
3272 1872
947 880
1995 3922
4265 3325
1567 3849
961 409
3264 None
3717 1841
968 2503
974 None
3995 621
1189 None
1964 3229
3837 3739
3283 3240
1024 3220
1820 2545
3191 3089
1400 3500
2928 None
4521 1045
4314 3145
1384 1613
1076 1495
3554 1017
1081 None
1082 4112
3344 3947
3922 731
2422 2967
3282 None
3964 2353
3574 431
1111 1534
1758 1513
2487 1288
1136 3121
1137 144
4487 None
3986 None
4079 3610
2935 613
2416 4081
2737 2433
2857 3414
2704 1888
1177 None
1203 2039
1658 4259
2191 2863
3146 2329
1256 2762
2824 3825
2259 3896
1282 2156
1291 3050
1295 958
2649 2593
1314 4372
2104 None
4191 3707
1351 3654
1352 1842
3616 None
1354 4067
1366 None
4498 None
3888 3963
4091 1978
1396 837
1408 None
1598 1212
1426 1809
3262 1774
2048 None
3497 None
1602 4387
1530 1199
1730 2409
1559 2298
4013 2569
2215 2322
1589 1596
1594 None
1640 1434
1611 759
1618 801
2166 None
4440 2316
4173 97
1633 None
3681 4423
3700 2030
1667 3329
1684 4168
1945 None
1697 None
3511 None
3300 2928
2629 3872
4162 3190
3624 None
2426 3708
1762 4088
2898 2
3351 None
3753 4193
3551 2461
3795 1334
1808 3176
2147 88
2534 4249
2592 3031
1970 3566
1933 1455
3175 2949
1998 None
4097 1363
2069 None
2094 None
2306 1800
2618 None
3202 1092
3021 672
3291 None
2173 3403
3377 1627
2771 None
2289 4327
4408 1040
2303 540
3052 1634
2633 None
3987 74
2488 None
3815 495
3209 None
2657 None
3486 551
2756 None
2766 1515
2816 3456
3242 4495
3038 None
2947 None
3617 None
3910 None
4428 2933
3169 None
3188 None
3445 None
3715 968
3489 4267
3386 None
3442 None
4543 None
3709 None
3759 1645
3998 None
