0 2421
339 2986
1097 7808
2287 6778
2528 7269
2827 3699
3586 7871
3825 3499
3848 398
4226 8286
6418 387
6744 1904
7201 3864
7689 637
7859 2011
8329 6400
8449 3197
1 3578
65 1604
102 5648
111 3736
200 1285
206 193
372 7240
403 1591
452 4107
636 5757
659 5646
665 7837
678 5228
721 1059
726 6490
949 2582
996 327
1075 6185
1080 2116
1126 3106
1146 3682
1180 6277
1203 3140
1232 4150
1260 5927
1270 7686
1289 4786
1338 6342
1392 4297
1446 6005
1467 1524
1565 3161
1574 1452
1640 1482
1728 5578
1821 6714
1949 7477
2006 3002
2040 4238
2059 1259
2083 6391
2091 8025
2097 7358
2114 140
2229 3206
2295 7990
2367 4625
2396 3068
2437 6262
2465 6011
2561 3985
2649 2124
2728 4667
2835 2575
2846 1067
2969 7535
3062 4713
3112 769
3150 6676
3176 2428
3178 4832
3375 2734
3429 1230
3570 6265
3579 7667
3665 851
3690 5514
3739 2552
3745 1509
3892 4046
3930 3038
3989 4396
4134 2465
4148 1233
4176 857
4229 7021
4244 1449
4270 8143
4284 3769
4321 3106
4390 5470
4445 6312
4481 823
4508 6215
4580 8131
4607 7243
4620 2864
4634 397
4723 2016
4860 3149
4916 185
4941 5215
5096 8347
5109 2094
5241 4075
5269 6428
5337 2613
5390 2678
5392 4365
5436 4788
5510 7830
5530 3651
5583 2946
5620 7966
5622 4084
5680 7193
5723 8554
5778 2822
5814 2012
5822 6474
5914 3333
5959 6043
6023 3790
6029 4852
6090 8073
6118 367
6138 5464
6189 7469
6198 4835
6371 170
6377 287
6491 3426
6523 5857
6535 4538
6594 7173
6668 2796
6715 2290
6720 5749
6739 3
6779 7381
6995 3610
7069 7560
7079 2299
7090 1688
7185 3258
7255 6290
7256 5897
7262 5237
7329 2679
7337 6578
7358 21
7371 1048
7417 7988
7526 4901
7539 1257
7742 307
7775 153
7829 1551
7835 7288
8000 7038
8012 1629
8015 3146
8070 1966
8146 5880
8197 6408
8280 6730
8301 614
8312 3738
8347 7637
8418 2887
2 6191
249 7516
330 7748
1035 2917
1401 7112
1816 5337
2056 5990
2204 2005
2225 186
3453 4883
3858 6493
3979 4336
4567 8428
4804 4540
4888 5403
5465 1603
6330 2571
6884 4660
7075 2656
7603 311
7924 4303
8547 4563
3 4656
79 6831
106 8563
182 1700
209 2224
214 116
218 2205
231 152
257 847
312 2298
357 3901
415 962
474 4536
562 4499
619 5068
621 149
640 4245
645 4438
649 8115
653 1561
836 2458
885 3560
905 3203
1044 6955
1163 834
1215 2187
1218 92
1361 6553
1372 7705
1381 8369
1493 6454
1564 1016
1592 7901
1627 5708
1726 5441
1771 3570
1783 3855
1785 6738
1919 5508
1931 3284
1960 8075
2022 4120
2049 5699
2093 5323
2103 4453
2124 2794
2146 6779
2167 5140
2210 2923
2228 1162
2290 2165
2335 5286
2423 5098
2440 928
2515 1994
2517 2556
2570 5198
2600 3655
2679 1719
2695 87
2755 4275
2802 3301
2807 2105
2833 5395
2853 70
2891 6094
2903 429
2948 4659
2973 1831
2993 1536
3000 4345
3067 6496
3095 1451
3111 652
3182 8274
3189 5473
3227 3958
3282 5888
3369 7673
3445 4256
3530 7281
3608 1391
3667 4013
3731 3732
3781 5012
3816 5998
3905 1757
3927 2381
3947 2927
4053 2651
4063 8259
4076 6551
4193 8448
4206 275
4222 4413
4301 3780
4328 6470
4335 8548
4393 1656
4395 6781
4528 2858
4571 565
4575 2995
4606 5007
4626 1632
4631 5330
4653 2606
4674 3475
4692 8425
4824 4741
4835 6850
4839 5168
4877 4992
4950 3739
4961 3927
4963 4165
5007 843
5037 1209
5076 691
5082 4187
5207 6208
5261 5986
5277 3124
5302 3143
5303 6186
5312 5307
5319 2201
5320 8431
5336 7143
5340 3450
5373 771
5387 2151
5389 5976
5429 6690
5513 2669
5554 6870
5564 3227
5633 7813
5724 3201
5782 7278
5944 22
6067 5963
6071 1526
6073 1946
6079 7313
6104 3926
6112 1671
6120 2310
6123 6413
6152 6320
6159 374
6172 2815
6307 440
6353 564
6470 5536
6483 179
6540 6798
6601 5881
6691 2649
6729 2439
6754 6576
6787 1126
6836 2399
6945 2516
7002 3739
7074 7971
7107 2243
7108 3013
7117 3506
7166 6518
7199 3937
7217 2471
7245 1622
7253 859
7273 3383
7284 7189
7349 304
7384 5890
7391 4192
7395 6670
7447 1963
7455 2658
7507 5949
7624 5109
7747 4655
7773 3970
7850 5859
7872 1473
7923 2460
7992 3940
8005 7745
8045 1689
8063 8330
8074 8212
8075 410
8160 4227
8175 8374
8212 6542
8229 4876
8267 3420
8308 1540
8318 4136
8397 6586
8407 6025
8446 4690
8450 155
8472 6622
8479 8463
4 1739
70 3507
299 2386
305 3488
482 2141
524 3445
548 5024
797 8008
877 1558
906 3178
948 3700
983 1588
1087 4083
1198 1752
1416 2964
1435 7389
1569 7348
1591 3870
1620 7593
1629 1587
1697 6120
1905 6399
2046 8504
2231 5
2251 8524
2313 5684
2391 1088
2624 8332
2629 163
2651 7838
2746 6088
2800 1691
3008 3726
3035 4311
3077 1473
3160 5100
3204 7837
3255 4301
3266 6744
3275 5285
3298 5641
3354 2261
3394 1807
3567 6937
3669 4139
3864 3403
3922 3687
3937 665
3986 7669
3990 1517
4020 870
4072 1492
4140 7411
4181 2004
4195 1904
4243 6408
4286 4057
4360 5657
4416 2662
4517 2617
4581 3077
4591 6627
4668 5132
4679 4296
4900 5309
4939 910
4964 2189
5229 1248
5290 1957
5300 6854
5364 8392
5426 426
5459 2430
5495 3251
5512 3979
5703 5855
5746 5380
5851 1851
5859 8181
5936 6835
5980 2364
5995 5116
6011 6859
6195 300
6285 2566
6336 1548
6413 6288
6516 2628
6553 541
6568 3297
6726 5879
6844 5382
7176 4718
7667 2772
7674 5163
7994 7925
8259 7897
8317 6953
8349 2553
8515 8386
8524 5759
5 6743
60 78
69 8299
538 4402
563 5662
841 4897
858 3591
1033 4077
1348 3271
1433 5034
1507 7899
1568 6228
1641 1621
1645 6971
1676 7056
1988 3721
2001 2054
2065 5281
2115 4317
2348 2766
2467 5423
2489 5995
2836 5849
2924 7257
3142 1014
3180 1624
3181 1557
3299 1243
3321 1316
3529 5437
3535 188
3641 1331
3644 4759
3658 3269
3818 1533
3856 2468
3970 7608
3992 1196
4001 2814
4219 7592
4281 4596
4330 2327
4344 3731
4572 3100
4577 7246
4708 568
4848 4767
5150 2499
5346 1574
5422 6425
5428 5303
5646 3491
5651 1092
5787 7766
5805 7058
5923 6878
6091 4126
6098 5950
6116 3282
6135 8171
6137 5965
6173 2397
6214 299
6263 909
6298 339
6331 848
6400 7546
6420 6272
6423 6512
6819 3254
6916 3559
7105 2002
7233 7942
7266 4656
7568 3105
7684 558
7789 6445
7815 7625
8023 2203
8127 7458
8140 7343
8185 349
8278 5796
8355 4279
8415 315
8470 8419
8491 8360
6 2234
76 2719
425 4099
426 6010
545 6324
590 516
630 5290
873 7339
924 3739
929 684
1003 8269
1099 3520
1145 1894
1197 4674
1293 1004
1318 5206
1480 942
1535 756
1588 8521
1712 3779
1784 443
1837 6725
2128 3211
2238 2311
2257 4626
2393 1353
2509 7618
2548 5178
2626 6144
2688 5105
2730 8391
2794 3789
2978 1464
2988 8361
3163 5469
3308 8091
3381 6085
3475 8121
3485 3389
3546 8569
3568 3085
3585 6568
3599 7029
3673 7232
3725 7101
3749 2594
3840 7346
3898 5836
3906 7908
3907 8462
3940 2553
3955 1127
4170 5240
4185 2522
4356 8540
4446 1237
4460 5791
4559 5454
4584 6878
5021 3469
5206 7176
5228 6035
5592 7471
5607 4174
5615 7371
5655 5756
5718 3511
5731 4806
5837 1496
5912 7887
6016 7536
6143 6306
6366 7670
6426 3699
6460 4699
6527 2158
6564 6808
6598 7256
6670 5244
6675 5606
6682 8197
6784 3097
6904 8494
6958 1310
7051 5099
7200 5300
7247 5043
7512 6942
7569 1745
7691 34
7734 5252
7869 1556
7921 286
7953 8423
8107 8128
8135 8571
8166 7087
8210 3645
8232 124
8275 8411
7 1639
92 2579
113 2860
378 None
637 4537
699 3583
2666 2095
3918 2779
4300 876
5005 6401
5565 2322
5687 5083
6266 5830
7311 6033
7771 3169
8138 3394
8216 3273
8 776
42 1426
150 2503
210 5368
269 4886
487 6190
495 2842
498 2854
600 8080
634 2041
658 1105
932 6750
1017 4290
1280 3220
1316 1559
1514 4643
1550 7228
1662 4745
1740 2911
1751 5189
1777 2429
1832 7960
2096 1445
2164 2708
2245 3397
2470 5420
2505 1105
2632 2503
2706 7409
2771 4420
2883 4005
2898 4587
2909 1339
2960 937
2995 6757
3091 6583
3128 3200
3131 6529
3140 723
3148 1993
3215 1480
3408 7650
3418 7050
3550 3601
3551 4553
3583 1953
3623 3696
3660 3367
3701 4260
3860 5168
3901 8537
3962 6373
4082 1080
4186 7975
4190 7659
4278 7252
4283 1570
4540 5087
4640 2448
4654 7929
4661 7488
4704 176
4770 7539
4800 347
4837 2525
4919 3199
5064 4858
5110 673
5220 3794
5357 3676
5370 3908
5385 2022
5479 1188
5546 3272
5629 6690
5672 8253
5698 3192
5774 3883
5836 4168
6077 2444
6365 7869
6387 5390
6393 6323
6589 8399
6638 3114
6680 419
7227 5579
7268 2589
7291 959
7446 3651
7469 3246
7492 4964
7745 4283
7804 2102
7822 8250
7849 6344
7904 7439
7990 6660
8038 799
8071 3312
8186 3859
8199 7615
8302 2128
8309 3356
8334 8306
8384 2901
9 8104
11 3663
131 6952
221 5229
355 77
369 920
643 643
650 424
830 4562
1109 4118
1123 285
1177 2018
1223 7589
1259 4314
1360 3263
1402 3946
1437 5621
1438 2697
1479 7624
1533 3043
1539 8447
2116 3373
2310 7885
2418 4210
2460 4374
2480 7846
2579 6785
2582 2336
2645 7336
2647 341
2664 801
2975 5810
3022 1895
3042 6880
3072 4209
3092 5943
3185 8084
3230 7903
3273 2715
3612 7832
3650 3644
3709 4002
3791 1170
3830 7438
3855 3204
4115 4887
4122 2797
4171 4757
4246 400
4351 5567
4427 489
4464 5998
4509 6040
4515 1972
4539 3984
4756 737
4769 2183
4836 4784
5018 5876
5026 1758
5101 3037
5167 1887
5362 7635
5576 8115
5642 4050
5747 7468
5750 8222
5792 2756
5825 7196
6182 6440
6279 3749
6301 599
6580 4994
6727 422
6936 5405
6991 2306
7044 3654
7100 4605
7213 8535
7292 2960
7379 3123
7497 8096
7599 6353
7696 7010
7733 1393
7838 1362
7871 3909
8104 2626
8314 2063
8496 2714
8531 2676
10 8144
736 4633
1142 829
1216 309
1483 5277
2550 3878
2587 4894
2604 587
13 8454
117 5106
471 8245
512 5021
867 6390
896 6067
1148 4990
1274 6939
1351 368
1423 1742
1708 6771
1760 7407
2027 8196
2145 2077
2349 6567
2432 5719
2592 6134
2684 6956
2705 3949
2747 3523
2752 7954
2793 1698
3119 3613
3387 1566
3468 5272
3479 2334
3628 1549
3717 1313
3788 7685
4127 6948
4357 8063
4406 6111
4601 7141
4671 243
4780 5660
4863 954
5105 256
5135 3707
5478 6058
5761 1818
5938 513
6158 6222
6194 4189
6780 2529
6797 8391
6864 3114
6897 2754
7180 3387
7214 2688
7520 7661
7576 2807
7767 7644
7830 7199
7882 6331
8080 373
8330 3926
12 1182
342 6584
376 7996
582 4903
703 7855
774 6017
1104 7061
1377 5975
1572 7165
1675 321
1943 7835
1948 6941
1986 915
2711 2378
3274 1580
3473 6934
3694 1924
3859 6570
4199 5186
4376 5349
7021 4666
7063 2816
7252 1141
7642 3811
8546 5376
29 3825
59 417
147 566
149 6152
164 7599
166 918
239 1839
262 4722
314 2185
462 7834
470 8410
491 3697
672 5054
899 7952
912 6968
923 3441
962 3285
974 6617
979 5283
1009 2480
1060 7819
1088 1880
1122 4618
1282 5308
1294 486
1385 1109
1431 5392
1521 1819
1710 2394
1787 4820
1792 7826
1938 584
2034 2290
2052 6956
2153 1810
2219 6496
2224 3849
2282 1612
2337 2446
2338 4652
2484 8163
2490 883
2621 6590
2798 7865
2873 2144
2887 3656
2920 3069
3090 7475
3156 716
3190 8477
3192 6846
3214 3762
3283 1459
3288 554
3373 2553
3426 6348
3472 7935
3491 6304
3618 2379
3764 2993
3780 4511
3899 1377
3958 3770
4119 407
4209 7867
4240 2286
4348 7836
4385 4102
4397 7491
4468 6133
4505 7625
4595 2947
4690 4864
4752 8447
4821 362
4947 6439
4960 1904
5041 3755
5051 2273
5074 4206
5085 2184
5263 6084
5271 4947
5466 7708
5538 2788
5544 4891
5574 3008
5585 7340
5643 5869
5677 3294
5678 8078
5709 742
5799 356
5902 4447
5945 5795
6010 1430
6020 2098
6025 1905
6124 6863
6203 6681
6345 3696
6348 8407
6364 5023
6467 2534
6473 7347
6642 4981
6645 4025
6742 7359
6801 4318
6804 4452
6880 6631
6892 4576
6915 4912
6929 7957
6943 5020
6981 7747
7064 3696
7092 3756
7143 5164
7160 7542
7190 6944
7231 82
7249 7504
7289 3848
7295 8435
7352 5697
7433 10
7503 353
7588 2174
7620 361
7740 6130
7746 4389
7749 1360
7766 1063
7777 6346
7806 4775
8120 4935
8122 1781
8266 4651
8281 4833
8376 3250
8395 3153
8419 2508
8497 5325
8504 305
8535 1390
14 5369
986 290
1580 4556
2150 630
2464 2829
3013 3639
3267 4961
3566 841
4651 4942
5728 2359
5939 2199
5971 2140
6082 2153
6315 7715
6329 2173
6490 2992
6502 5720
7112 312
7448 4839
7587 6359
7959 5835
8046 4466
8079 3423
8159 1812
8454 8452
15 2830
258 1879
710 6081
769 7203
895 5196
1275 5009
1457 5643
1722 718
1744 904
1835 795
2166 8134
2540 5144
2643 8398
2690 4259
2885 2466
3220 6405
3700 7809
4078 6032
4208 1416
4236 5663
4700 7405
4994 5125
5396 3965
5638 7421
5808 8333
6728 6036
7842 4321
8191 7793
16 2091
50 7585
72 4443
155 1439
180 2733
251 5393
280 849
445 6451
717 8182
993 6593
1007 4340
1014 4423
1217 4851
1305 1431
1330 5668
1362 3696
1462 502
1561 7071
1638 2415
1681 7797
1690 657
1743 6580
1954 2526
2241 2924
2346 4857
2354 8221
2370 6086
2374 4230
2409 3963
2448 6724
2521 8417
2865 3622
2946 7241
3018 797
3123 7662
3155 671
3287 148
3355 6902
3401 253
3425 7229
3808 4277
4216 7556
4353 669
4375 4474
4407 3680
4861 8340
4913 4492
5204 7491
5231 8301
5306 659
5664 8197
5798 4256
5810 5999
5910 2899
5928 908
5969 6454
6006 3214
6109 1146
6190 926
6262 7134
6288 2811
6376 7691
6382 2416
6574 5322
6593 7225
6725 3709
6758 3091
6791 3866
6858 7707
6914 1031
6941 2332
6962 2877
7183 2769
7647 4449
7668 4578
7710 3819
7758 3410
7950 2116
8084 2258
8095 6310
8110 4930
17 2212
83 6902
89 6409
103 55
381 6744
406 4293
530 2265
988 6600
1301 1441
1369 476
1370 4479
1494 3508
1625 7262
1881 7898
2911 5622
3085 3996
3099 5610
3601 8243
3649 7567
3677 4052
3703 1095
3844 3011
4044 4635
4386 6677
4544 5964
4628 6690
5014 149
5128 1376
5463 5176
5464 8119
5811 3451
6044 7701
6149 666
6277 846
6328 6633
6562 8044
6661 7620
6704 6607
6769 2246
6950 8072
6959 3177
6984 4724
7005 1936
7080 724
7204 3532
7242 7727
7278 2587
7315 2308
7437 6127
7580 689
8192 4676
8203 1223
8209 3694
8389 2659
8396 3076
8408 8120
18 3262
165 8450
302 7998
365 5438
499 4755
550 2333
671 2031
1346 2857
1465 3718
1492 780
1626 6492
1682 8319
1769 7804
2051 1176
2209 4568
2252 1280
2343 5698
2446 3854
2472 39
2709 7621
2831 7591
2842 5447
2941 3900
2962 8272
3007 4856
3149 4726
3300 289
3349 3796
3383 414
3501 6159
3597 3298
3603 5213
3831 8140
4006 7487
4046 623
4110 7180
4116 3221
4121 5254
4136 6721
4153 6502
4205 3905
4218 5956
4282 3686
4288 2738
4346 3073
4369 821
4535 7211
4656 8057
4777 2983
4805 567
4831 3114
4857 2292
4864 7219
4898 6882
5254 4070
5413 6242
5732 8458
5895 6752
5904 1928
5975 3962
6034 8505
6068 7069
6125 2048
6178 6072
6184 1525
6273 6507
6724 2229
6832 4460
6969 5670
7072 3479
7078 5085
7218 5094
7328 6026
7403 6322
7679 6481
7682 2496
7764 4237
8170 3810
8326 3157
8423 477
8427 6689
8441 371
8564 5058
19 5221
101 8165
109 28
536 4990
603 773
878 7594
1420 1050
1545 7698
1552 2185
1912 3777
1925 6809
1974 1692
2104 2782
2111 5209
2447 5304
2449 2599
2598 1633
2757 7768
3683 498
3845 6537
3851 6016
4048 5998
4073 1991
4097 7548
4259 7485
4525 1569
4851 2546
5027 96
5722 7501
5950 8302
5987 4190
6107 7702
6126 4016
6165 3945
6352 1028
6573 4566
6619 8101
6786 7024
6839 4687
6983 1643
7119 3193
7126 6125
7319 3215
7342 6325
7646 2350
7665 8268
7802 7792
8065 5457
8067 2215
8136 3552
8243 1597
8268 7570
8290 3115
8426 6063
8536 6390
20 3023
296 1725
436 3253
606 292
757 4323
1115 598
1154 1255
1156 1785
1526 1987
1603 7453
1654 4664
2154 1193
2250 2624
2615 6450
3023 5219
3027 1906
3046 8473
3404 2695
3486 955
3513 7429
3592 5051
3720 4388
3888 7856
4026 7557
4118 4614
4647 6751
5035 6376
5301 5722
5333 2909
5444 5137
5699 6060
5700 6316
5760 8237
5841 7823
6504 4183
6921 2553
7454 6790
7473 2144
7493 8481
7623 1135
7996 4616
8235 8211
8377 5620
8394 3362
8552 2608
21 2988
99 4467
163 6178
235 7969
391 6980
456 6520
484 5627
921 8090
940 4861
1048 2984
1268 8050
1414 6117
1695 6040
1715 7625
1854 705
2007 1465
2025 1038
2050 2167
2292 5011
2293 5633
2421 2186
2660 100
2685 3302
2980 7290
3272 2777
3329 539
3362 1753
3538 856
3666 7374
3783 4700
3865 2644
3878 110
4002 8555
4112 3573
4138 301
4173 7895
4207 3710
4230 2539
4332 4417
4412 6314
4442 6437
4506 6710
4527 4229
4612 6021
4646 6732
4715 478
4798 973
4829 8173
4927 8040
4937 6858
4946 2865
5113 4837
5236 3137
5550 2274
5582 6079
5704 5003
5953 1313
6004 6898
6065 6779
6644 7614
6768 3629
7135 2597
7150 2603
7351 1078
7355 5624
7844 1810
7989 1378
8157 506
8174 6998
8222 1263
8388 3723
8510 3880
22 8091
37 6685
78 2271
80 4527
107 7118
112 8416
175 8012
228 786
230 5463
282 3467
430 7007
459 408
463 5742
492 1030
520 3682
546 834
719 6395
775 6528
909 3068
946 524
955 1150
959 1187
1001 2365
1004 1904
1029 2783
1093 5831
1261 469
1322 4694
1334 4161
1352 1520
1447 2919
1632 7719
1677 2611
1688 8111
1868 3466
1907 3646
2008 2934
2068 2435
2072 6995
2074 7820
2094 409
2126 6147
2318 788
2353 869
2358 1136
2407 3473
2427 6303
2450 1636
2466 1708
2520 1585
2523 5677
2552 7773
2585 6851
2612 3525
2622 5529
2693 5269
2714 7217
2720 6639
2758 2339
2790 3581
2871 7521
2877 5332
2944 5357
2958 6260
3021 4665
3239 4753
3250 3303
3261 2033
3313 5115
3319 3142
3397 7063
3432 5266
3435 2687
3493 8209
3563 3370
3625 2305
3685 7509
3719 1672
3828 2122
3874 4671
3875 3638
3880 897
3913 7953
3928 5860
3929 6082
3991 8309
4103 1973
4197 924
4326 3440
4394 1565
4421 3571
4431 1380
4435 941
4492 5733
4496 2067
4590 542
4603 3581
4627 7959
4663 4611
4693 6283
4740 8019
4948 4725
4962 4552
4980 2970
4985 8562
5016 4946
5043 4477
5072 4990
5212 1844
5237 4885
5295 510
5335 1745
5343 101
5349 3490
5355 6005
5435 5251
5537 73
5623 7270
5777 893
5838 3491
5858 4986
5924 8090
5991 8365
6055 6115
6062 2622
6070 8506
6201 4268
6231 4447
6264 3836
6306 3620
6429 2353
6448 1349
6468 581
6476 7926
6514 1073
6528 4442
6600 5584
6622 8394
6740 4251
6773 3917
6789 5726
6935 8476
6939 2100
6942 5135
6996 8074
7043 4732
7053 6747
7057 4783
7094 2849
7121 818
7257 2742
7282 5647
7301 2723
7304 7393
7374 7776
7389 2321
7514 1810
7543 2255
7548 None
7590 2688
7629 6087
7670 1402
7753 7236
7808 5882
7939 2139
7951 7901
7987 3784
7993 7285
8044 4680
8049 5133
8057 5237
8137 5898
8155 1355
8247 3522
8304 7032
8310 7138
8342 2418
8458 2519
8518 3461
8549 8404
23 6562
146 6362
242 3971
272 7666
398 5935
523 1291
768 237
794 661
888 3281
939 4506
997 905
1039 2182
1058 1425
1120 8517
1147 6634
1172 2381
1313 3509
1333 3348
1407 504
1693 6706
1806 4003
1977 48
2024 3684
2101 2560
2190 5044
2379 1772
2583 752
2673 6127
2954 2694
3043 7782
3201 220
3402 2313
3405 7742
3471 11
3578 4836
3914 331
4024 7778
4079 980
4109 4841
4211 4344
4271 603
4294 8370
4333 2083
4513 1745
4686 3868
4698 3342
4779 3333
4784 6759
4789 8279
4791 1942
4810 6246
4811 3821
4951 7494
5000 182
5125 5168
5157 6047
5226 4325
5292 6139
5374 8078
5377 8387
5425 7117
5431 4908
5451 8482
5653 6458
5788 690
5941 8465
6081 5084
6160 172
6234 8567
6363 3826
6486 2489
6556 6735
6557 7307
6586 571
6814 7074
7149 919
7172 5842
7449 703
7475 8531
7534 7439
7600 1483
7729 5578
7866 5429
7958 2363
8060 8177
8068 1194
8152 7907
8172 5005
8261 4107
8320 2774
8341 1952
8452 3300
8545 6360
24 217
49 2790
222 1256
675 5573
776 2874
866 4816
942 5017
1242 668
1283 2920
1452 6454
1542 647
1889 1620
2041 4285
2044 1980
2113 378
2151 8478
2232 1773
2247 6577
2265 2673
2351 4293
2376 3281
2469 4647
2501 2256
2533 8436
2564 7807
2639 8335
2763 3267
2984 4182
3031 2101
3054 1707
3247 3696
3412 3458
3438 1466
3866 4802
4013 265
4162 7896
4325 4095
4327 6307
4359 4000
4558 1616
4807 1141
4981 3281
4997 1631
5091 4398
5143 5594
5175 792
5511 2930
5569 2718
5630 3660
5713 1254
5749 6687
5863 4976
5972 308
6099 5383
6108 4403
6148 8523
6635 5358
6662 3447
7114 6253
7347 6694
7589 2851
7618 258
7704 5104
7724 2319
7817 1592
7972 4107
7979 7151
8030 8225
8052 2730
8270 7236
8322 3897
8378 3176
8393 5001
8572 6489
25 519
104 8479
207 2583
601 667
886 7864
1065 4742
1678 1677
1876 4255
1900 6795
2054 2646
2130 8118
2156 3690
2309 6753
2357 146
2394 5803
2404 6196
2433 2826
2704 923
2736 7204
3516 8412
3617 3453
4247 3369
4317 5671
4428 3118
4781 8576
4871 3754
5168 6250
5253 1242
5658 7190
5711 3436
6028 5968
6395 2652
6454 2093
6603 6377
6782 6024
7017 8326
7141 6009
7162 5162
7210 8312
7529 4738
7690 446
7765 1567
7827 2195
7875 6555
7889 297
7902 1019
8421 1381
8561 306
26 1634
219 6967
288 3101
408 8321
935 4592
1409 6333
2574 6879
2718 5758
4179 7580
4297 837
5326 8276
5473 3505
6188 3468
7843 276
8236 7227
8425 7530
27 5784
375 6351
720 6111
1102 2374
1673 6223
2841 995
2925 120
3565 5076
4010 6137
4198 3851
4974 3288
6101 1810
6643 4346
6798 350
7498 4653
7851 5056
7934 4324
7974 7587
8460 2957
28 4565
825 6936
1968 6558
2086 372
4424 5341
6918 7976
118 6806
358 961
812 6930
919 345
1138 1970
1344 3801
2678 6500
3569 7737
3765 2042
3945 4503
4102 4019
4850 751
5164 4749
7048 4640
8282 8273
8319 7968
30 6933
289 4063
354 3797
457 6734
680 7046
748 842
918 8176
1061 6074
1139 164
1224 7162
1426 5247
1436 4802
1458 5721
1485 7136
1537 5470
1755 574
1926 2452
1932 2881
2003 7955
2028 6306
2105 6
2174 911
2191 1323
2497 5265
2697 1002
2789 3776
2874 1222
3496 8175
3778 2014
3869 8490
3933 2032
4027 7985
4059 5480
4546 3377
4725 3344
4745 2077
4755 2264
4764 3455
4878 5822
5124 436
5285 3084
5307 5578
5369 3409
5379 5922
5455 1115
5527 6392
5683 6110
5903 286
6049 1852
6053 3612
6136 5688
6208 7956
6446 985
6494 3592
6512 2724
6521 8229
6558 8256
6583 2343
6664 8550
6688 4541
6757 583
6761 6704
6771 6742
6946 5139
6949 7958
7421 5704
7707 3327
7840 1410
8064 394
8100 4496
8296 4581
8400 7679
8505 490
8553 6828
31 None
3376 2847
32 6596
176 2711
505 5889
531 6046
618 1488
620 7456
641 4756
801 5580
855 5190
1074 2432
1101 602
1169 1413
1194 4608
1213 4692
1247 7230
1258 1119
1271 982
1559 5430
1776 6411
1909 3071
1965 7656
2064 7630
2141 1920
2184 2230
2186 2058
2198 2898
2262 1875
2304 5998
2618 3993
2653 4675
3037 2061
3045 2267
3221 4051
3296 3483
3450 4560
3509 4582
3532 7617
3556 7295
3595 7052
3822 971
4055 1069
4203 8148
4313 4834
4331 8536
4475 7760
4503 2908
4532 5404
4596 2913
4630 2581
4641 5903
4648 3393
4683 5690
4705 2393
4972 7920
5084 1833
5283 5961
5291 1793
5394 1205
5457 8363
5640 5481
5682 7345
5763 5053
5816 8197
5958 4033
5973 6475
6309 1457
6372 4078
6461 4545
6561 3992
6765 222
6793 2434
6807 7284
6901 8440
7028 1836
7029 5692
7034 3486
7036 1764
7211 3380
7441 3286
7575 5931
7582 1697
7814 3840
7906 4689
7940 5823
7981 6796
8054 138
8162 5811
8184 1282
8331 8427
8336 6719
8362 5965
33 5778
126 7478
371 4797
386 1070
1219 4060
1248 899
1443 3213
1459 675
1637 5519
1780 360
1796 4668
2047 7751
2073 5626
2100 8446
2171 735
2280 8527
2744 3332
2764 5763
2806 3355
3161 4425
3574 7194
3620 3659
3678 4312
3704 3778
4931 5182
5062 727
6399 5096
6572 1132
7070 3567
7123 6469
7209 4223
7579 5122
7873 3236
8361 1204
34 6181
115 3954
188 4702
290 5414
460 3074
556 5211
762 8147
1444 7185
1515 7539
1522 3496
1808 3243
1891 5205
2380 8124
2619 1733
2796 503
2901 6160
2918 4650
3139 3673
3322 1427
3341 7085
3480 6648
3718 2505
4465 4210
4494 6416
4645 3914
4737 4427
4795 4069
5045 6723
5298 1507
5341 3699
5447 3644
5521 4482
5529 1238
5580 7645
5647 3106
5649 8030
5708 5962
6284 6357
6295 7271
6324 2657
6346 2309
6414 2739
6484 4202
6541 4469
6582 1369
6746 8027
6911 6455
6951 5374
7089 7588
7103 3769
7320 4108
7482 6606
7653 1860
7719 8013
8188 1296
8271 3802
8373 4987
8422 3477
8511 974
35 3238
356 2
500 2977
712 2922
1170 3358
1376 24
1541 1293
1594 5123
1597 8433
1993 27
2019 4378
2170 3800
2867 5629
3269 5528
3647 2684
3763 5928
4074 1101
4405 8193
5145 2607
5663 6494
5876 3807
6290 734
6343 1778
6430 1713
6825 5250
7195 5158
7483 4869
7531 4940
7744 5142
7991 6054
8221 7105
36 7561
85 4293
172 5713
261 5717
387 3016
576 3853
693 3001
758 3625
821 7
897 6483
1168 2921
1176 8445
1307 1866
1581 208
2244 6435
2279 5766
2738 6910
2750 4307
2804 4656
2991 5289
3065 4510
3260 6472
4075 6042
4106 3609
4161 4419
4432 1129
4760 4859
5048 4985
5238 8064
5791 2329
6282 4467
6640 4661
6732 3092
6774 4580
7020 4819
7251 1178
7343 6705
7382 8290
7438 405
7656 4731
7862 2660
8405 6463
238 5403
599 6273
604 2371
670 2485
889 6371
917 4478
947 7812
1055 3378
1103 6059
1209 3901
1281 4367
1354 6864
1634 3587
1680 7818
1749 4464
1940 5653
2206 6388
2435 726
2492 913
2808 5806
3064 3733
3113 2253
3352 198
4168 8565
4298 7000
4437 7040
4523 3572
4526 1965
4587 931
4696 2039
4856 3603
5063 268
5163 6336
5445 4743
5471 597
5652 5010
5848 1424
5853 2304
5871 245
5920 8532
5929 1095
6001 3768
6146 4598
6501 7500
6511 1985
6547 639
6671 7502
7308 901
7380 4616
7725 3616
7908 2792
7957 4075
7998 7446
8539 1236
38 8158
734 5918
837 4138
1915 3747
1997 6406
2213 7852
2668 7337
2932 1663
2979 5967
3075 3740
3314 4457
3477 2257
3809 4855
4164 6295
4382 3485
5148 364
5170 588
5180 2641
5314 7076
5493 3669
5541 6089
6139 4710
6606 1637
6878 6709
7093 986
7905 8095
7962 437
8294 2389
39 8396
75 4454
191 2316
1092 2103
1140 2218
1288 5706
1365 76
1397 5658
2011 3614
2216 4837
2300 4047
2503 2689
2609 582
2689 4177
2739 1066
3038 5572
3100 5197
3926 7625
4023 5433
4152 7242
4377 2078
4925 6480
5142 8545
5400 7155
5835 4415
6181 2558
6438 2034
6548 1305
7703 760
7899 5385
8255 3699
8370 209
40 1159
925 5015
2180 484
3280 967
3417 8271
4025 3553
4806 6569
5196 3692
5317 5712
5552 2698
6030 7821
6250 6155
7050 2750
7435 317
41 7851
610 6330
766 2284
1063 4018
1298 6616
1398 1147
1489 8001
1920 3205
2005 6142
2138 3804
2462 1745
2588 6954
2845 7665
3807 3799
4472 6816
4672 3696
4788 6905
4910 4310
5325 2108
5433 3321
5990 1992
6592 4304
7463 7366
8456 6793
504 3881
543 4263
557 7514
824 6380
860 3055
864 5329
880 7102
907 7028
1052 4055
1053 4349
1174 6972
1336 1040
1611 4446
1825 241
1829 5695
1894 7436
2026 174
2117 3584
2136 3463
2161 7890
2312 5524
2366 4331
2417 611
2500 8070
2803 1326
2826 5059
2950 2640
3097 1770
3311 1348
3461 836
3495 3319
3800 4207
4476 4958
4489 1625
4767 8059
4774 7933
5134 4467
5324 3003
5409 7996
5414 1773
5567 7573
5578 1123
5875 7072
5915 7706
6183 1261
6245 6219
6268 302
6319 763
6356 4154
6368 572
6443 1918
6896 6460
7035 4513
7054 4866
7224 7108
7279 8164
7314 6300
7345 7922
7931 7997
7946 2670
8073 2361
8171 2344
8204 433
8224 6485
8508 6479
8541 1550
43 5522
167 274
255 4970
277 65
427 3763
587 5299
778 8093
793 5592
829 7220
882 3650
1018 8257
1032 8498
1243 169
1295 2089
1595 633
1601 6807
1605 7758
1618 594
1843 2221
1908 2423
2033 7400
2035 3465
2078 740
2207 7068
2659 2509
2797 1596
2965 8377
2967 6194
2970 5315
3033 3166
3104 3666
3115 8284
3122 7870
3141 3234
3325 232
3337 5081
3470 2502
3489 6249
3696 1307
3698 4584
3721 2974
3949 5306
3957 4830
4177 3180
4250 1538
4312 7208
4420 2030
4483 4715
4486 4934
4605 2301
4771 8533
4892 5262
5276 7538
5281 895
5536 2457
5740 7230
5764 3824
5794 2625
5800 5649
5804 3386
5826 4712
5850 547
5901 1912
6041 5130
6171 5367
6235 6675
6415 1423
6752 5360
6803 4723
6881 4459
6903 2761
6909 5449
7272 1076
7348 7411
7416 3887
7430 3662
7508 3549
7525 2590
7755 2696
7926 6070
8025 3685
8101 1619
8242 7092
8390 7375
8401 3025
8435 7137
8492 7597
44 5172
114 3470
135 4620
190 3155
295 7397
591 1823
594 5052
729 5000
770 5520
920 1188
933 5287
998 2176
1041 262
1047 139
1131 1333
1179 3067
1250 90
1379 5523
1456 789
1567 2614
1655 6926
1794 8087
1803 4691
1971 7268
2060 4286
2099 1494
2234 635
2494 530
2507 4015
2638 3307
2715 3569
2844 1579
3049 5731
3052 2942
3070 3588
3200 7558
3236 3842
3270 7612
3309 4316
3326 977
3465 628
3466 4709
3500 1354
3515 2642
3523 1578
3527 7859
3651 7406
3897 6226
3912 7293
3939 1934
3965 3435
3977 8494
4080 7104
4085 712
4239 4922
4347 3232
4387 7543
4461 1500
4621 790
4849 2493
4854 4925
4885 5538
4914 7081
5010 4542
5106 7977
5117 5509
5185 5974
5213 2767
5282 4600
5391 6733
5477 1971
5481 3932
5587 925
5665 5468
5706 3066
5717 5782
5779 3194
5843 430
5852 1325
5874 2220
5948 8260
6002 2244
6026 7671
6040 5470
6088 3045
6197 5471
6221 1324
6270 7993
6351 5943
6367 1064
6464 8079
6509 1394
6677 184
6718 1356
6748 7249
7046 6774
7101 7055
7161 2018
7203 6418
7234 6977
7330 1264
7346 2635
7387 6649
7467 2989
7541 645
7584 3138
7597 4393
7717 3942
7761 6644
7774 2562
8088 7909
8119 8390
8130 4205
8193 5751
8214 5225
8279 3086
8300 7483
8413 2325
8563 2070
45 32
1788 1288
1951 4030
3084 4385
5951 5466
7414 4801
46 2536
2661 5503
47 944
193 3235
635 5569
688 6207
713 6763
749 2214
765 5191
884 1594
973 3184
1073 3624
1454 851
1455 2883
1630 2535
1834 3335
2119 2810
2291 2843
2298 2520
2322 2530
2336 8161
2496 1005
2527 81
2682 7545
2818 7943
2974 2277
3073 3210
3403 1399
3626 968
3631 69
3726 5939
4038 3911
4071 5188
4094 3518
4273 2400
4299 5689
4320 3653
4349 7524
4453 7992
4695 7401
4794 1051
4953 1212
4984 1890
5002 4198
5015 2488
5036 1153
5066 608
5129 6530
5257 5707
5611 4698
5842 1286
5860 5249
5889 8178
5976 8155
6174 7921
6439 1
6463 5218
6477 5925
6479 632
6700 1532
6712 4309
6998 4006
7287 2120
7303 273
7334 7149
7341 5260
7727 8297
8055 2903
8094 6892
8404 6414
48 5055
360 2090
374 6149
516 1352
848 1720
1012 6908
1339 None
2810 879
2914 4287
3029 6613
3560 None
5334 7450
5432 None
5612 7600
7129 4235
8332 3785
309 1997
802 6327
1149 8519
1244 6672
1529 2396
1980 8359
2076 8028
2182 5195
2403 7513
2769 3757
2783 6415
3154 5510
3165 3460
3212 6603
3353 5911
3359 7388
3374 2824
3490 6344
3510 1642
3630 957
3826 4509
3852 240
3857 1184
4037 6979
4062 40
4178 1878
4200 2685
4245 6232
4373 8015
5040 2143
5453 5776
5734 8405
5890 569
5934 1052
6217 1433
6318 7342
6359 1903
6613 2028
6699 983
6764 4688
6788 2987
6928 767
7077 834
7081 4575
7206 8367
7444 6412
7501 7004
7607 4936
7661 4250
7673 5549
7928 8451
8019 6279
8211 6491
8351 4132
8371 8049
61 5418
86 6731
253 815
957 2045
1196 1012
1263 5151
1502 1484
1549 80
1738 3648
1756 4969
2267 953
2538 7697
2893 8172
3169 2643
3415 7192
3482 4953
3580 4170
3653 5893
4324 1705
4901 1411
4907 6919
5053 4004
5195 533
5211 3431
5288 5334
5410 2650
5688 1881
5813 5276
5906 5070
6093 2833
6131 3703
6390 1939
6427 722
6442 441
6497 1861
6690 6841
7484 5244
7513 7463
7540 6461
7622 5372
7834 6516
7920 59
8037 8414
8254 6745
8514 7995
51 4778
88 7099
225 6890
264 8471
292 844
547 415
639 2155
764 5212
1077 4111
1114 3437
1124 6459
1162 6274
1251 4417
1686 1368
1714 7590
1724 2181
1733 6023
1956 1197
2075 1475
2107 1599
2285 3350
2289 6524
2568 4720
2671 8137
2735 46
2908 2109
3245 7632
3262 3398
3629 4669
3879 8011
3971 3241
4114 1274
4220 1485
4264 2885
4267 3923
4426 3498
4562 7379
4588 4299
4730 7983
4735 7022
5006 3309
5039 4902
5087 5809
5515 6534
5545 5679
5689 7427
5694 2787
5738 7551
5784 7306
5797 6098
5802 4462
5925 7816
5949 8456
6094 8017
6275 2941
6529 8468
6672 5147
6745 1502
6905 4491
6999 5884
7113 7304
7523 5156
7641 5409
7649 6680
7826 8314
7880 162
7938 8467
8154 6083
8272 2746
52 3330
686 8281
714 6678
1342 2192
1531 1114
1873 8048
2268 721
2365 5703
2655 5391
2861 4058
3324 335
3434 4956
3537 774
3662 8316
4111 6925
4260 6788
4339 6326
4563 5608
4713 4910
4956 4330
5009 1277
5098 624
5107 1877
5136 143
6095 6813
6919 1945
6926 7743
6954 964
6988 6845
8022 7503
8066 5427
8141 4119
8227 4372
8345 7713
8520 7449
53 4140
181 5079
385 6419
584 3637
690 2752
1183 6293
1277 1232
1857 6225
1967 8356
2188 5111
2296 86
2412 7641
2468 8315
2486 3537
2569 1729
2613 466
2859 1803
2923 4086
2951 5942
2989 6308
3060 2405
3276 6895
3834 5278
4224 4843
4235 1958
4480 4341
4510 2144
4536 6212
4669 3095
5055 3746
5382 3713
5461 6699
5486 6671
5573 5426
5606 5716
5930 5777
6485 1292
6714 2672
7207 1628
7365 8058
7602 1474
7608 663
7609 7231
7772 7636
7811 2773
7891 812
7895 6782
8273 6682
8333 7466
8410 1573
8507 4406
54 2414
389 683
465 5958
489 1726
976 6629
2708 3742
3972 2038
4227 None
5297 6012
6979 449
7122 7415
7536 1392
8533 5107
55 1960
73 432
77 3173
256 6434
340 787
347 5200
361 1409
478 1428
626 6969
961 3361
1158 891
1742 4431
2235 2585
2355 1961
2362 4334
2670 5441
2782 561
2919 3429
3109 1113
3174 8285
3389 6574
3514 3167
3723 6005
3740 7352
4410 1747
4742 4470
4830 2338
4896 2209
5017 7938
5104 3339
6305 3715
6472 4524
6517 7443
6597 654
6866 2968
6978 3832
7274 8251
7400 4649
7792 8338
7868 4256
8032 7770
8327 2747
56 5327
2098 4231
2840 1011
3559 4516
4329 7989
6628 7755
57 6156
66 609
244 4273
448 3608
506 3405
608 1252
1084 5155
1241 4863
1323 1406
1503 6354
1530 3019
1656 1797
1734 8054
1842 4141
1860 6829
2080 2275
2319 2406
2410 7623
2426 2926
2799 1312
2837 8110
3304 1183
3587 8220
3588 5637
3616 4085
3743 6347
3842 3760
3893 4445
3925 3904
4051 2728
4182 3417
4368 1743
4485 3822
4728 3903
4814 1231
4958 5642
5079 5553
5140 1521
5210 8556
5305 7484
5468 1552
5509 6438
5539 1163
5656 5555
5751 3738
6092 4109
6185 131
6575 3527
6626 1203
6701 357
7061 1868
7137 3462
7159 1730
7223 963
7281 1948
7401 3395
7635 2761
7898 166
7900 2349
7935 6645
7976 5389
8003 7910
8194 981
58 1340
125 7187
790 3699
1929 385
4680 6847
4883 5970
5153 6804
6075 5298
6086 3791
6591 6536
7248 5016
7803 7111
7892 7577
7918 3093
8321 7914
8440 2682
173 4907
202 1362
455 4909
629 7651
632 3566
980 5664
1337 3053
1765 8166
1904 6962
2402 4960
2894 2572
3066 7116
3135 3526
3217 5546
3543 1152
3634 5245
3636 1302
3775 8350
4028 1491
4929 8018
4943 2890
5469 5973
5821 5462
6145 5618
6633 586
6654 7326
6760 2945
7012 7540
7361 4730
7367 3172
7450 5187
7652 4196
7779 7584
7795 1463
7855 3781
8026 8068
8218 5654
8374 3284
8526 6495
129 6572
321 1606
392 3933
409 1955
753 191
814 5421
819 2049
828 3837
930 7831
969 2337
1005 2629
1015 1686
1062 6410
1207 3576
1394 1891
1403 278
1487 4609
1719 4632
1801 8520
2004 8432
2071 5765
2169 293
2220 5593
2254 6756
2866 4359
2921 5267
3034 700
3183 4750
3231 7652
3305 2437
3348 6575
3386 1202
3422 4107
3448 7441
3464 5461
3748 3333
3796 5029
3915 6755
4032 6891
4462 5892
4518 2469
4560 3727
4677 8449
4890 741
4990 529
5033 5556
5450 1695
5684 7576
5693 4932
5839 7261
5867 4983
5965 5723
6121 2238
6357 4559
6533 8180
6698 3738
6961 3947
6974 5611
6993 2612
7033 1160
7344 3734
7405 2204
7451 4789
7456 399
7490 4597
7528 850
7567 7212
7591 1228
7743 4616
7888 8381
7917 8239
7988 5185
8035 2180
8056 5348
8168 2343
8187 5858
8380 548
8403 83
8487 5444
8489 2138
205 7296
349 1838
628 7613
1167 2944
1185 84
1587 3313
1969 7849
2067 3982
2173 6247
2269 3107
2567 5194
2864 3481
3440 5027
3920 6956
4616 6601
4670 5652
4748 5936
4875 4414
4886 6511
4924 1408
5294 5261
5500 3875
5844 2799
6069 2312
6242 6772
6374 3724
6596 2735
6853 2568
6863 4375
6931 4404
6970 805
7052 7828
7066 6667
7186 1570
7205 5532
7476 6189
7788 3767
7818 6006
8017 4504
8477 5497
62 5396
1002 3141
1042 3857
1300 534
2672 5955
4474 3602
5339 7174
5657 1568
5905 111
6018 1171
6683 7070
7561 3931
7598 1207
7760 204
7823 7341
8087 5727
8147 616
8498 7919
63 242
737 695
1922 2609
2331 5672
2333 711
2532 2933
3048 189
3126 1737
4358 5432
4876 7097
5812 1530
6666 7145
7116 8441
8134 3108
8324 1522
64 5915
893 1110
967 3711
2777 764
3277 5097
6096 777
6689 5324
7003 3474
7472 8484
8445 1531
394 5843
435 3893
751 1748
826 8194
1500 1600
1608 266
1774 8331
1823 5039
2121 4913
3127 3896
3657 7161
3998 3295
4429 3407
4473 5088
4820 4714
4982 5883
5097 2813
5243 6991
5762 4875
5968 5482
6046 8139
6051 1309
6457 7498
6681 5416
6738 6578
6822 4191
7246 3170
7325 2639
7555 5912
7573 2705
7721 7882
7894 4366
7941 5410
8364 5771
8383 579
8457 1670
348 5554
431 6019
744 1294
944 8005
1066 8424
1439 7404
1516 1943
1748 1386
1858 7207
2271 4761
2519 2820
2879 5214
3005 5074
3061 7308
3083 5422
3460 6465
3600 8493
4016 3969
4276 3482
4287 2588
4599 1555
4732 1822
5020 5350
5028 817
5133 6000
5224 1915
5338 989
5590 2528
5887 8248
6024 3165
6175 4204
6278 713
6741 7928
7027 3743
8144 1412
8459 5868
67 7984
127 1601
169 2888
171 5656
212 5946
241 7611
379 2222
417 4239
420 6830
539 1990
583 5617
662 1731
787 862
810 7801
842 6341
844 1830
892 731
937 620
1262 3188
1326 6339
1499 1193
1701 7559
1764 2303
2030 7560
2158 1624
2181 2744
2628 5320
2719 6014
2917 7073
2961 5913
3246 3031
3553 8187
4314 845
4790 259
4873 6200
4965 622
4992 4262
5131 7827
5216 8117
5489 6565
5547 7947
5561 1927
5753 4519
5922 6538
6015 4253
6089 1065
6166 2169
6384 296
6927 6446
6952 314
7047 5498
7154 6282
7198 2152
7285 1667
7506 3096
7551 1161
7604 7168
7969 1335
8058 6261
8125 6044
8142 7152
8303 5969
8512 7109
68 7191
133 6900
215 631
631 6049
702 6628
788 6311
845 4023
1067 988
1312 912
1400 7184
1547 416
1615 6903
1886 7900
2230 1357
2371 5434
2779 6839
2848 1763
3356 1036
3686 3344
4172 7182
4279 5564
4570 8551
5284 8541
5430 3081
5600 5979
5626 615
5790 5586
5888 3649
6327 5008
6373 2008
7212 6911
7700 4105
8502 5317
8548 1645
273 7769
395 4754
745 5246
811 2475
881 3472
960 7638
982 1455
1016 6799
1046 5530
1091 8325
1256 4246
1851 4079
2274 3577
2373 8282
2493 1164
2820 2342
2854 3007
2982 2880
3004 8233
3194 2412
3334 2591
3400 7965
3467 6611
3693 2616
3889 6128
4257 3938
4263 1553
4292 3434
4345 5238
4383 6887
4682 4591
4721 1899
4786 4361
4859 6861
5256 7575
5568 7396
5666 7166
5883 951
5927 2894
6008 3521
6142 2905
6196 1914
6310 6541
6386 61
6480 2348
6599 6224
6723 890
6940 6126
7014 1454
7151 7510
7197 7154
7412 348
7532 1661
7553 5114
7581 8010
7794 2021
8011 1699
8031 4815
8039 1234
8315 5896
105 4481
329 2076
1187 4264
1222 5019
1558 6370
1964 4629
2457 7771
2531 7006
2740 772
3424 6227
3544 7357
3576 7414
4003 958
4029 2846
4444 3457
4765 3280
5483 2815
7178 154
7465 5129
7927 4195
8072 2955
8078 6513
8478 2554
8551 7810
71 5022
95 696
419 3062
458 2784
1137 4451
1363 8208
1404 3989
1661 6306
2123 1319
2551 2453
2571 6857
2830 1560
3241 2482
3307 3444
3908 5818
3917 8401
4092 3411
4225 7380
5916 8055
5978 7205
6180 7806
6404 113
6624 6783
6659 7018
6755 5700
6781 4134
6953 6800
7022 3291
7067 7568
7310 927
7471 8304
274 303
331 334
449 1172
609 4024
708 5867
789 4529
805 6368
1453 6904
2137 5489
2157 226
2281 52
2323 4184
2559 3368
2572 1701
3001 8000
3205 7657
4146 8203
4233 6825
4234 3090
5152 7459
5189 7476
5258 6061
5613 1837
5977 573
6210 3924
6709 7519
6783 2095
7060 7332
7326 2106
7643 1111
7790 8572
7825 4804
7914 1595
7978 1322
8328 3230
8486 4091
715 8546
852 1827
1040 2798
2155 1734
2302 1453
4524 5851
5069 7038
5268 610
5619 4520
6358 71
6577 2985
6630 1499
6743 5042
7930 2543
8476 4383
74 5333
1193 122
1239 5207
1782 3112
1864 4476
2147 4020
3452 5362
3548 5916
3742 3545
3916 1771
4868 894
5218 7062
5720 7762
5921 1897
5942 7525
6085 6337
6932 6069
7302 7057
8156 7703
8285 5651
3789 3264
4123 3454
5514 1798
5739 7770
5807 5577
5962 6779
6604 5977
6713 3828
332 3702
514 8053
561 29
697 404
773 8153
945 2892
1291 454
1890 8500
1955 7889
2163 4363
2495 3953
2765 2959
2856 6257
3237 3582
3823 5687
3877 3171
4183 5128
4252 390
4372 930
4775 2266
4952 2216
5138 1617
5250 1041
5318 3605
5407 128
5491 2280
5742 7465
5955 6112
5967 634
6226 7283
6391 6787
6685 678
6925 2795
7098 3753
7138 2498
7397 3139
7464 20
7612 7356
8131 825
8260 1556
526 2918
869 75
908 1528
1028 2878
1793 3427
3661 2561
3923 4068
3948 7135
4237 4216
4255 6881
4576 5711
5330 4390
5496 151
5758 8310
6017 1289
6132 5623
6205 6653
6452 3688
6636 7036
6719 2213
6977 6302
7524 2047
7732 2354
494 5057
528 7936
588 4763
1151 3706
1745 1539
1830 6169
2676 1299
3364 8400
3449 8132
3715 2541
3755 7537
4169 2569
4758 5486
4785 7384
4818 5600
5234 7126
5380 2129
5399 7267
5423 3311
5662 3722
5832 4320
6308 7884
6322 2092
6462 1367
6519 1372
6542 7247
6579 7150
6649 5067
6667 6121
6960 6990
7188 2236
7477 6928
7861 7853
8225 1908
8412 2758
8447 3190
116 3352
122 7317
194 7499
978 7064
1022 1037
1505 3072
1721 1755
2307 6335
2881 4977
2990 8413
3040 495
3547 7153
3642 4508
4133 998
4370 5439
4904 8402
5080 3296
5090 121
5159 3689
5242 2463
5402 5502
5696 5120
5960 5352
6153 4586
7470 5905
7538 7195
7557 1218
7578 2801
7878 2459
7897 7941
8200 7265
81 5630
100 6619
418 7753
476 1308
513 3256
518 7803
551 3185
564 3083
667 7578
813 512
1186 4973
1428 8382
1781 2902
1826 5193
1928 7518
1972 8305
2566 1776
2591 898
2616 4234
2617 5321
3203 4681
3342 5399
3419 1646
3488 3815
3533 1665
3697 6746
3849 8464
4266 5740
4388 4494
4458 3869
4463 5743
4514 5092
4987 8577
5019 2227
5068 4729
5866 1979
6545 7255
6612 8342
6924 2323
7796 7750
7836 1554
7887 6095
8568 5291
82 1068
97 6923
98 4142
158 3004
189 7462
196 2580
353 1847
558 7571
613 6468
642 6364
823 2867
827 2870
840 3950
890 5035
936 1417
1157 3158
1343 7197
1378 7175
1389 4473
1508 7461
1600 5253
1665 1375
1758 1900
1902 2190
1975 4695
1985 None
1987 5570
2016 6146
2043 5894
2118 2375
2259 6630
2311 3399
2317 4599
2377 6775
2439 1921
2441 4673
2737 8534
2745 4704
2849 1840
2986 3626
3011 2574
3184 7569
3196 6436
3207 1668
3258 6039
3346 758
3399 6652
3522 4573
3668 3997
3814 3029
4147 2551
4232 8385
4269 7757
4366 3861
4451 4294
4522 260
4636 3693
4688 392
4902 7123
4999 612
5025 1266
5094 2125
5411 5398
5420 4530
5448 3512
5548 5760
5650 1438
5770 7297
5809 4291
6129 6001
6169 2852
6251 2123
6338 3239
6450 3012
6608 2828
6658 5408
7406 3599
7533 7312
7720 5581
7735 5271
7756 7814
7776 8191
7854 7479
7909 7008
7915 7802
8108 8372
8183 5063
8215 7772
8420 6193
8453 1279
8525 7528
130 1121
153 1935
157 7970
246 2345
451 7840
497 6289
515 874
519 3890
783 1295
1049 5040
1083 3590
1089 1199
1110 7263
1118 6204
1192 322
1284 853
1310 6321
1340 4040
1347 5805
1463 8021
1643 5817
1810 2949
1848 3252
1952 8228
1966 3248
2088 5002
2199 1746
2332 2577
2345 1835
2386 1842
2443 6280
2459 2053
2547 1253
2596 4607
2610 2295
2734 3308
2824 6801
2829 6202
2935 6350
3063 4501
3098 1216
3144 1017
3499 8062
3521 3459
3549 4672
3557 7131
3581 4395
3692 4888
3736 5103
3793 2065
3882 6833
3976 352
3999 2740
4095 6176
4165 6989
4305 2026
4319 2259
4573 8201
4665 2781
5156 7648
5166 5659
5247 6443
5488 1981
5660 8538
5670 1443
5695 2971
5701 1210
6037 6656
6087 4594
6447 621
6536 3195
6652 4039
6826 2961
6947 3222
7025 3774
7087 4546
7228 1584
7239 2411
7309 4241
7390 2168
7396 7622
7428 8515
7474 7874
7478 3449
7485 6970
7496 3918
7537 6901
7550 8353
7564 1341
7593 6535
7631 6153
7632 934
7883 4967
8077 6591
8099 1649
8139 5661
8202 3207
8557 5798
84 8100
3050 4878
6341 None
7013 2451
138 2938
184 3478
186 4893
224 89
333 3390
477 4933
535 425
648 4845
663 115
673 7328
792 520
796 1801
834 4354
958 4485
1237 2029
1299 6386
1373 8313
1384 2789
1396 4072
1415 7385
1619 5138
1652 5230
1763 4302
1878 1937
1892 7226
2112 3793
2176 3741
2178 7316
2215 4125
2325 5792
2388 2638
2428 4923
2475 3795
2477 7694
2601 2515
2614 6608
2707 6821
2899 7394
2929 7695
2981 1562
3179 6177
3206 3187
3340 4774
3380 4945
3594 1926
3659 107
3684 1784
3973 6015
4018 5645
4034 6691
4068 3219
4602 1265
4622 465
4724 4787
5077 4232
5419 8007
5644 1815
5673 7259
5933 4634
5947 1723
6113 1373
6212 1546
6233 2550
6271 687
6296 7948
6313 4036
6335 4456
6887 2570
6955 6814
6986 1703
7049 6340
7133 939
7230 1440
7270 6349
7323 2450
7413 74
7783 6488
7963 4971
8047 674
8118 2717
8129 651
8145 784
8306 4280
8468 8499
397 233
781 8265
839 2776
1229 3544
1790 922
1815 7178
3024 3315
3166 2576
3191 1930
3446 1929
3635 7605
3695 7467
3894 381
5639 5944
5759 6712
6520 7564
7570 4021
8392 2262
87 5121
3935 1938
752 7428
1181 3555
1671 7353
3443 1287
3805 6398
4414 7373
6106 3028
6287 3999
6684 3109
6910 3974
7948 1679
8190 7364
8428 3735
90 1495
1953 2954
91 1853
266 1418
607 236
1286 6148
1639 3877
2361 2637
2593 136
2648 5381
2717 990
2722 2044
3003 7544
3790 6234
4000 8483
4105 4871
4823 3293
4955 1320
4991 5363
5265 7043
5748 4288
5775 8146
5983 2975
6678 7338
6750 3255
7156 1608
7318 165
7530 4881
7698 4096
7708 2793
7759 247
7929 5302
8189 4217
1484 6909
1566 1084
1998 5071
2223 3018
2642 5413
3441 3324
3590 51
3672 230
3707 5982
4707 1388
4882 2866
4973 7839
5190 2425
5227 3876
5986 1079
6550 6958
7171 3944
7225 7142
7479 2282
7634 7387
7715 585
8153 833
93 1054
227 3943
393 3729
443 4116
689 2009
731 2720
763 6595
799 7158
975 4583
1020 7432
1182 8127
1238 4199
1664 5752
1798 5512
2212 3751
2246 1383
2356 2268
2640 6560
2741 5451
2760 5305
2922 6674
3133 8145
3167 5174
3232 4128
3358 3792
3413 1157
3512 2369
3558 6557
3632 3628
3633 4468
3676 44
3769 3471
3956 6610
4061 23
4130 413
4533 3489
4585 2973
4633 1959
4662 203
4729 765
4776 804
4827 1460
4858 157
5092 4747
5116 707
5208 6883
5416 3338
5572 5616
5584 3231
5605 8542
5719 4092
5733 1060
5757 5682
5872 8231
5885 884
5918 7861
6009 4228
6141 2996
6179 3820
6224 5049
6230 7714
6294 3600
6299 7451
6406 3026
6522 7602
6696 2763
6766 5596
6808 5516
6856 831
7254 5476
7300 1298
7324 1515
7432 950
7586 6959
7677 4889
7784 2237
7799 2172
7824 6384
7982 6646
7995 7790
8007 7200
8105 2732
8230 6803
8256 1396
8501 8255
94 4352
1981 3830
5893 2331
7008 2786
413 5491
1700 5273
2375 3110
2987 7490
5608 177
6544 6484
6753 5353
96 7710
437 4791
1019 5568
1128 653
1246 1950
1702 560
1880 2132
1927 8003
1939 2438
2183 8052
2602 3442
2775 4071
2857 7120
3766 370
3772 8511
5081 6018
5579 3046
5752 4916
6850 1527
7084 4186
1160 7817
2852 677
2882 6598
3069 244
3121 6052
3187 1843
3611 7368
4379 3589
4844 1195
5093 5650
5771 3212
5954 5448
6276 9
6381 3809
7110 7541
7983 697
8050 3630
1778 1461
3615 5077
4716 7124
6641 5583
8434 4567
247 6173
377 4498
412 4269
472 2081
573 6638
682 6877
760 1593
849 4048
1211 7749
1290 7724
1445 8383
1476 7013
1563 6231
1576 3884
1705 4950
2233 58
2264 5479
2385 4622
2408 197
2411 2951
2429 4523
2502 2953
2518 54
2558 2207
2608 7872
2985 3268
3068 1374
3223 98
3291 4163
3431 6309
3767 5543
4322 3154
4801 6976
5012 3501
5031 1318
5108 3242
5162 4153
5417 5494
5675 5953
6156 5069
6219 7642
6257 4657
6379 546
6507 5920
6543 4645
6588 3585
6917 2436
7068 1598
7130 2500
7271 8235
7322 3664
7362 6826
7422 4461
7494 6248
7739 8090
8195 1106
8463 4455
1694 5279
3102 6182
5050 785
414 4074
624 6076
655 1504
705 6220
1113 6571
1331 1470
2359 7533
2817 5274
3411 7634
3664 4486
3872 3087
4415 4066
4582 7880
4793 3130
5354 4392
5375 3050
5533 7289
5625 5090
5671 3278
7038 8415
7175 4038
7364 4049
7945 6499
8265 2239
313 3547
915 8393
1135 6240
2211 4773
2334 4480
2997 8566
3301 4356
3827 435
3861 7822
4365 3249
4553 2346
6243 1304
6370 540
6623 6917
549 2074
953 4920
1509 1666
1717 2595
1945 5050
2994 7681
5059 3902
5386 158
5632 8109
5637 6615
5935 6355
6655 4370
7443 6174
7722 1477
7797 7147
8339 4561
8559 3798
276 2925
278 6668
308 7497
575 8294
1386 557
1406 3513
1869 1759
1882 4615
1937 2019
2092 7065
2549 3284
2631 4621
2726 4706
2912 4435
3020 1125
3614 1107
4159 2778
4782 5702
4967 462
5219 4828
5313 2963
5316 2839
5348 2702
5702 5148
5712 3529
6204 6918
6249 6521
6451 5848
6805 3136
6876 5268
7194 4551
7236 7677
7663 8475
7683 672
8009 2751
8182 1607
8529 4914
183 6966
870 7333
1520 2121
1913 6906
2258 4282
2363 1104
3157 1610
3224 5403
3377 1614
3504 2940
3982 872
5147 7034
5160 7596
5217 2748
5222 1358
6419 134
6676 4400
7350 3329
7487 8258
7831 3975
170 1817
446 4636
743 1786
934 6792
1025 6093
1090 4711
1472 5445
1518 6893
1579 3730
2009 12
2667 4808
2770 3314
2851 4585
3078 3288
3132 6506
3240 1654
3502 4103
3887 3894
3943 6171
4021 660
4099 7791
4610 5960
4741 6498
4766 4535
4930 388
6054 860
6380 6589
7006 7848
7153 1872
7167 5845
7415 2557
7910 8213
8196 1706
8269 5797
8537 6994
8543 4627
281 1652
432 887
1027 1360
1134 5038
1757 8357
2713 1790
3428 7862
3444 5458
3476 7944
3770 2294
5137 1190
5366 1809
5674 212
5831 5774
6759 4603
6891 5379
7276 7847
7986 997
8354 6566
8417 5177
108 5846
162 6471
4565 7601
5239 8185
5286 8529
5931 8298
6035 1268
6694 7209
7964 7144
310 5465
644 8126
1119 4571
1481 1529
1593 596
1684 7452
2196 1056
2913 2413
3388 8026
3511 7473
4511 5673
4822 5165
5144 5984
6150 834
6396 4100
6646 6132
6731 881
7306 3135
8295 7102
8369 613
110 8224
270 4329
453 1811
1321 7186
2364 4548
2754 5152
3531 996
3754 1301
3863 6393
4221 3111
4456 5808
5599 5450
6340 3980
6813 None
820 1271
1947 5676
2120 880
4548 3182
7693 2431
503 7888
572 2808
914 6267
1233 5501
1767 3967
1903 2107
2328 448
2869 3438
4659 7815
5011 5280
5225 35
5588 1018
6565 2743
7192 1605
7517 4949
7901 3079
8082 4941
8277 5026
8358 7141
483 5113
565 8105
4802 1246
5280 2518
5818 976
5900 2260
6047 2936
6508 4252
7286 8156
8020 4270
293 3907
2061 798
3966 7643
4015 606
5559 595
879 8526
1000 3772
1252 4258
1747 2785
2037 855
2189 8142
2669 7089
2792 6915
3244 6106
4996 2982
5130 781
5756 7511
6877 1618
6985 4515
6994 354
7144 4846
7165 6964
7312 8207
7386 6974
7577 5170
7694 5619
8288 4441
856 5853
1081 7628
1963 207
2398 1213
3681 6073
3782 310
4009 5786
4241 7047
4578 2088
4809 7019
5088 4590
5141 5832
5398 5563
5908 4799
6424 112
6922 4059
7024 4919
7042 1804
8340 7927
510 7096
950 3061
2843 991
3688 5544
3752 4696
3934 2533
4151 7972
4739 6116
5996 5947
6407 7756
6428 5346
4396 1447
5023 8186
5308 6717
6265 7991
119 None
120 4276
1434 5686
1596 1828
2499 523
3368 2060
3624 7279
3881 62
4194 6765
6202 8036
121 1867
179 4781
579 None
694 4682
755 2596
761 7039
938 2191
990 57
1071 2521
1979 5344
2413 3910
2778 31
2880 5785
3393 4642
3481 6588
3584 6251
3871 6404
4920 None
4971 None
5188 3036
5645 5370
6253 8130
6513 1366
6621 2555
6706 5841
7424 7676
7947 271
8004 6776
8352 7433
123 5531
226 7674
981 6932
1043 5256
1950 1702
3577 8352
3941 6658
3944 7811
5067 3998
5803 2675
6130 8280
6957 234
8573 3959
124 1407
5462 6945
1011 4090
1599 3788
4189 2691
6992 5402
7881 2615
229 3005
1470 4463
1836 2978
3096 4854
3264 1448
4554 1397
4658 1189
7269 3860
1108 5614
1335 499
1359 4658
1517 6736
1609 8168
2326 3181
3786 395
5480 1244
6531 4201
6710 7171
7032 8024
7975 4261
8298 4218
128 4224
1449 2166
7011 1074
554 2716
1309 3987
2249 5193
3293 4906
3714 4948
4726 7170
5404 3595
6342 8288
7839 16
8248 2130
177 7218
384 2314
651 17
1795 3339
2000 7860
2127 3930
2611 1724
2742 5701
2786 6199
3208 2856
5535 6922
5549 8277
7045 3813
8090 41
578 6514
2240 6819
2773 3351
4036 2559
4117 4734
4978 2391
5029 5932
5881 2671
6873 3546
7857 323
7884 5895
8244 99
132 1508
2327 6708
3134 1744
4175 8552
4187 6328
7313 5552
8316 7520
2692 5199
2748 5013
3268 5604
4448 3561
4893 3428
5149 196
5668 4954
6409 1907
7120 5060
7147 5924
7152 7367
7728 6119
8092 6296
134 6031
1819 5119
3055 3289
7261 4008
440 1658
633 229
730 7610
1430 4766
1448 6077
1512 2871
1562 2159
3738 2631
3993 2145
4495 7009
4710 6013
5249 7675
5721 2461
5806 3345
6855 7221
7675 1715
8346 3305
136 5173
2455 897
4504 3764
6360 1168
6456 3094
137 4032
1297 3217
8116 4721
485 239
1024 8169
1703 72
1866 None
2172 6604
2452 2156
2516 3550
2890 1782
2895 2916
3243 5767
4555 4928
4865 5243
5393 219
6050 6478
6225 8136
6375 5824
6567 325
6843 3920
8238 4355
139 4838
1659 5180
4340 6848
5112 248
6956 4939
7088 2818
7616 6503
140 4167
704 6255
3652 1846
8206 6029
141 6702
532 656
4447 5790
4720 2270
7173 6889
142 6963
1171 8539
143 4951
144 1490
2535 4159
2822 6254
5310 485
5679 6661
7168 6319
7706 5490
145 None
1006 5500
1050 1680
2545 1115
5446 4027
7307 5292
240 835
566 6080
1804 5709
2732 7121
2784 7731
3047 556
3235 1020
3699 4089
3853 6707
4342 4962
4417 2096
4926 3017
4975 7553
5132 8296
5617 8453
6111 5728
6692 7945
7566 3633
7782 5025
148 6810
213 160
345 8470
469 7413
496 7598
1308 8575
1424 8300
2129 2317
2554 8522
3323 1435
3932 7779
4384 3691
4657 5066
4872 2131
5008 3032
6762 6237
6837 766
6930 7321
7404 4350
7466 6122
8499 1808
8503 6834
2283 4812
2959 4979
2971 3961
4639 2712
6434 442
6705 3714
7837 5364
8115 6245
8338 1749
160 1344
540 6949
589 8329
622 3543
727 7235
733 4638
767 2915
874 5095
875 2000
1026 840
1525 7344
2133 7586
2239 8210
2683 7841
2904 8293
3006 5492
3036 4612
3110 4214
3679 1849
3722 5412
3777 2252
4088 5864
4736 5681
4932 2118
4986 4121
5118 7741
5146 3421
5378 8528
5384 956
5406 4054
5520 3631
6347 1112
6532 4137
7030 393
7407 6988
7554 2636
7595 7258
8014 1493
8096 2872
8387 8558
151 3419
152 5495
315 3223
316 8303
537 1235
679 3983
798 1389
853 7693
1872 2454
3058 5539
3619 1932
4652 1995
4711 2806
4727 2409
5710 839
5768 403
5982 1158
6272 6092
6378 8184
7275 6640
7418 104
846 3349
1353 948
1862 1103
3839 6602
4039 531
4757 358
5178 6907
5329 7549
5616 1714
6122 6620
6229 2610
6349 8549
6493 5725
6785 2834
6809 3657
7596 5415
7977 363
154 3202
461 5666
1387 7305
1478 6748
1754 1220
1924 2071
1983 2726
2045 3198
2389 8014
2525 811
2529 2565
2681 515
2710 3318
2847 4569
3525 2861
3724 4407
3903 4532
4228 7113
4401 4351
4519 1481
4759 6700
4921 992
4954 1910
5274 3542
6383 7115
6402 762
6647 5904
6912 7740
7146 5487
7410 4428
7545 1221
7636 5844
7942 1382
8102 704
383 5488
1573 4357
3101 3701
3367 7434
3406 6802
4430 3147
4434 6641
4976 5825
5452 37
6874 7083
7102 2755
8169 2972
8494 1370
156 456
1466 6150
1704 3331
5214 None
5522 5534
5730 7014
6084 7902
6102 4426
6735 1850
8097 7129
285 4707
1068 8154
1205 5744
2419 7781
2767 3027
2963 5820
4355 1537
4380 4380
4542 6421
5741 5802
5946 8513
6767 5493
8274 5264
8284 6141
8438 2377
8481 7787
1013 5669
2055 2136
3459 2654
3753 1572
159 4265
232 2210
808 2362
1737 8129
2677 7746
2819 210
2889 1024
2928 5714
3850 97
4212 1180
4398 1239
4454 2001
4625 453
5182 3497
5735 7574
7847 8046
7949 3873
1429 2567
2381 8150
3254 1662
4816 681
5103 4444
6259 3364
8490 4493
161 56
327 3279
1021 2177
2058 965
3088 1053
8566 6244
197 2046
260 2632
544 8092
971 6960
1350 1919
1616 2893
2134 6214
3954 7103
4100 5312
4586 2462
4751 7725
7016 2703
8041 3725
344 7054
759 4938
859 460
1125 8362
1165 725
1371 369
1768 8318
1824 7492
2599 5456
2781 178
3071 2853
3646 6695
3787 680
4060 8368
4120 6866
5194 2006
5591 3260
6581 2341
6835 5160
7169 1681
7226 3224
7259 6382
7985 7785
1328 6055
1970 553
4763 1519
5981 6162
6449 3744
6563 1954
6980 6684
8252 1345
560 5980
954 6284
2390 816
2420 854
2434 1489
2650 6252
2680 7027
3028 4
3030 7526
3094 1766
4363 6038
5415 1057
5449 5033
5458 5885
5518 3487
6110 3322
6292 7763
6320 5872
6337 1673
6354 3078
6503 8466
6934 1862
7316 8530
7697 1775
7860 7854
1422 8230
2896 2366
3847 4733
6539 7678
8219 6938
421 5411
2652 7752
2964 5406
3645 2456
4697 2146
5070 917
5270 1541
5725 6729
7680 3623
168 6523
1791 3041
2303 1647
3306 7444
6286 802
6982 7572
7409 7422
3105 3500
4478 431
4556 2710
5401 1099
5937 4525
6610 2232
6711 7858
7458 6429
8177 7282
1269 7863
3333 889
3474 4082
3519 7088
4350 2709
6316 1165
7716 552
8542 1609
646 7774
772 4630
1898 1512
2324 4771
4452 4450
4676 1998
5505 5506
5714 4882
6867 750
7999 1660
8311 496
8432 3047
1054 933
2876 1437
4033 1754
5882 3408
7076 7107
7853 3882
1341 6786
1496 604
3542 6533
4498 53
4754 3186
6128 4533
6412 8459
6834 5789
8439 8262
174 1982
481 1922
1220 1641
1432 3030
1893 7206
1982 7275
3414 4376
3621 7273
3671 4595
5056 1777
6772 3517
7238 6064
807 6420
963 1039
2646 4991
4812 2440
5685 4803
541 1967
1132 3952
2315 4421
3248 4439
4104 7937
4433 3580
4493 5834
5773 4472
6021 4728
6569 4644
7010 434
7610 6075
7695 5871
8356 1093
681 4623
6737 2084
8398 223
178 5146
322 None
4251 4124
5502 4399
6674 511
6815 7696
8033 5288
647 1281
2194 2965
3967 250
5974 2835
6444 1086
7462 2661
691 2547
1144 2912
3545 6366
4880 3934
7527 1334
8313 6614
450 1675
1164 4996
1679 6789
2149 6522
2445 6927
2453 966
3032 500
3281 6447
3846 6931
4295 4686
4488 1456
4632 8568
5438 8337
5870 461
6060 4924
6066 8336
6907 7735
7751 5902
2481 6297
8239 225
8495 528
747 4918
2723 7886
6616 1284
185 4112
968 4347
1152 2149
7377 3977
1317 3775
1911 824
3297 8217
3469 2897
3883 5401
3969 6068
4057 7824
4667 7700
4891 1873
4911 729
5240 8485
6247 3225
6833 4194
7678 1931
7841 5828
8263 5226
8357 1486
8424 3385
8448 3119
187 1848
854 2621
3430 2601
468 6305
1303 8
1699 710
2106 4157
2479 3554
3146 6292
3727 4148
4597 6118
5192 227
6673 2831
7219 2513
7420 7169
7504 3872
8360 3323
434 8113
656 2800
1553 455
1820 5590
5601 5313
7136 421
7886 7447
8241 7324
8575 4824
738 4045
1296 7026
1578 5136
2168 2447
2511 7260
7499 702
7763 809
822 8334
902 570
1161 5914
1833 3057
1846 4543
2478 8219
2724 6102
3295 1735
3517 7581
3610 1909
4086 5028
5397 592
5636 7904
6048 4010
6899 5093
8506 4613
192 8263
818 4727
1236 5223
4261 5118
4592 5900
4684 2079
4940 447
6339 2066
1107 5527
1210 213
1460 819
1557 3226
1628 1986
1725 8474
2242 5202
3151 4146
3439 8439
3596 2007
3609 1534
3921 2855
3997 5787
4011 167
4306 7442
4323 7286
4361 7552
4438 1124
4479 8343
4608 5150
4841 5192
4917 7093
5173 536
5421 5080
6042 3579
6228 1678
6361 2602
6388 4133
6474 8339
6475 2819
6555 6172
7104 5108
7585 4760
7870 577
7903 3895
8010 2721
8335 2827
8359 4432
8471 2013
660 2231
4557 8307
5475 109
6870 2573
7819 3510
195 505
741 6457
1393 1575
1822 1350
2227 693
2321 2677
2916 1716
4418 2193
4778 2998
5034 2683
5328 6875
5618 3132
6478 5613
6840 6426
7071 7272
7106 7894
7925 4639
8106 3635
8264 3316
490 3991
2205 3415
4738 4574
5042 8518
5083 7891
8509 1217
1358 4098
1367 4295
1486 231
1729 7309
1874 2291
2603 5472
3370 1224
3711 7680
4296 8082
4551 682
4936 1166
5004 1450
5360 1098
5595 532
6209 18
6587 5875
7294 7704
7828 3986
8375 932
198 2741
267 6587
668 6862
3234 3401
5332 6823
6200 5241
7625 4322
7752 5511
8562 5906
199 5866
1471 6716
2811 625
3487 3617
1482 7940
5054 5729
6634 5036
6828 4572
201 4937
1272 3058
303 2668
335 830
464 6581
865 6824
966 3704
1201 1042
1875 6912
2042 3476
2248 2464
2272 6056
4093 736
4803 5605
6022 473
6615 782
7997 6635
8083 13
8517 94
203 4905
1440 2967
2294 8056
4879 8200
5472 664
5504 3891
7439 173
204 4222
2788 19
3421 1917
3950 4840
4213 459
5952 6275
7549 1711
8382 497
1314 914
3960 2382
5998 2523
571 1226
1130 5561
2586 4429
3117 7416
3900 7493
4471 2069
5602 1071
5879 3035
5884 3257
6860 783
8124 6203
362 8397
1368 7377
1405 3766
1631 4305
2339 2352
3278 2403
3462 6794
3687 8060
4125 5940
4441 5735
4455 5475
5111 1813
5251 7222
5327 3737
5641 4147
5877 4465
6323 389
6776 5440
6810 2935
6894 1083
7354 6501
7500 607
7664 7689
7973 6372
8006 7805
208 None
596 5342
754 3317
779 2895
3392 6770
3795 2154
4214 4326
4643 475
4867 7044
5060 4044
5907 7335
6566 1027
7059 1043
7296 7672
7770 7829
8109 2727
8381 7017
8567 562
263 826
3456 1251
3526 1814
7099 1889
7155 8141
7601 3113
211 4233
1540 4364
1150 6456
3984 946
4733 2593
6889 7963
441 2850
577 929
742 2487
1692 6096
1716 4211
1916 2326
2010 6838
2430 8322
3193 3283
3225 2059
3229 7398
3712 8102
4979 3021
5052 1321
5309 5387
5661 5233
5767 4974
6500 298
6800 8076
6812 5691
7202 4394
7265 5373
7277 7664
8150 4827
8368 406
1023 2690
6281 5296
1254 2729
2943 1458
3328 6230
5534 7276
7263 4874
7863 2056
216 808
2543 452
3744 6957
4642 5540
4773 5724
6436 6276
7633 6363
7879 7049
217 1021
287 326
804 8123
1129 8512
1895 4798
1918 1651
4268 6546
6177 6287
2415 272
3114 2068
3259 1120
5571 118
6900 7663
7491 6517
7563 1055
220 2663
325 3159
1501 7654
1766 7796
2476 5559
4459 6549
4832 3752
5267 1727
6033 4570
7232 867
8325 3396
586 4382
1524 7833
1730 757
2038 5899
3209 25
4689 2511
5123 8308
5221 5157
7293 463
8061 1564
359 7843
370 7464
612 3044
771 6423
1184 1882
1188 3244
1973 4931
2675 7382
2743 3247
2872 1544
2937 3761
3528 5154
3710 5746
3741 6849
3773 4684
3946 7370
4828 6943
4905 2906
5073 1762
5560 438
5964 5921
6115 7522
6187 8443
6220 6258
6570 1577
6790 4512
6967 2994
7056 4534
7082 8249
7705 1623
7807 3051
8234 427
8386 3287
223 3604
275 3816
507 3060
5781 494
8128 141
3776 6982
4144 7979
4637 5587
5984 8270
7097 3879
8086 5966
346 3665
552 380
2444 3148
3829 1870
4374 8179
4762 8223
4908 3145
5880 1977
6538 1045
7615 43
7658 518
7936 3758
1078 7951
1257 555
2998 8069
3503 1306
4564 7640
4744 5037
5200 1883
8161 2384
2273 1317
3171 7329
5516 15
6076 1944
6976 376
7065 7777
320 103
1199 4703
1604 2424
2906 2862
2968 7253
3836 None
4619 544
5783 6397
6241 7699
6431 2163
6530 1876
7004 145
8464 907
401 4409
488 877
509 1211
1106 7012
2243 7303
2316 270
2541 6145
2902 3564
3138 6427
3330 4113
3663 3929
3902 6205
4290 2075
4874 1085
6602 3538
6906 4817
7701 8509
8246 4034
8276 3885
8482 3266
233 5768
1010 1590
4574 4056
5047 3384
5363 3973
5845 2202
8158 5989
8430 4440
234 7127
617 6561
1442 7780
2175 7529
3363 6597
3638 4143
6163 205
6289 7647
6669 4739
8220 6497
8307 183
522 8133
1849 1975
2085 6766
2200 3464
2414 563
3292 4877
4215 8215
5609 2825
236 1834
5856 1371
237 None
6222 6696
887 1802
1731 1329
1995 3064
2537 468
2577 7041
3253 7709
5139 4135
5197 7067
6027 137
6059 2398
6199 7233
6816 4281
1691 5384
927 6352
3909 4437
4223 4225
5260 1780
6056 5541
555 4041
1245 457
2753 7251
3813 3127
6097 201
6394 3376
6421 2876
6425 7114
8253 7868
850 5294
1395 471
3555 1328
6492 7351
6617 5183
7511 4215
7965 2633
243 None
3279 7318
4090 7060
5296 5311
5575 5004
5772 7767
7215 344
7488 6345
8089 3347
245 7754
795 8199
1391 5607
1598 8275
1992 6975
2330 6509
2654 50
3056 641
3987 5870
4201 1215
4678 7784
5361 1978
5555 8252
6154 5318
6334 8189
7327 4271
7339 8045
7383 938
7606 3759
8062 4203
8143 5203
1038 8283
1364 7098
1994 7626
2620 7532
2972 1750
3336 7917
4128 1718
5099 3151
5177 8376
5691 4927
6481 221
6885 1751
7177 3126
7605 768
7617 4522
7626 4911
7833 6950
8149 5521
248 1422
1235 26
2278 6053
2699 6935
4337 7481
4545 47
4747 1676
4853 377
5405 7146
5418 1487
5494 3846
6211 6154
6869 2027
7164 6315
7486 None
7672 6432
7687 4663
318 5632
657 1947
2314 7140
2383 2217
3152 6961
3713 1191
4611 3803
4614 3976
5086 4110
5828 2725
6151 3446
6167 7424
6385 7294
6865 5813
6868 6992
6964 1648
6972 7215
7189 945
7510 5072
250 1272
674 7873
2048 2517
2162 3341
3338 7720
4045 2288
2208 5101
6665 8409
6893 8157
7572 4860
252 5242
373 6657
871 224
991 6504
992 8289
1506 3452
1713 2114
1850 810
2084 2150
2463 3786
2832 2605
3409 5636
4352 7349
4520 4155
4664 6884
6546 5770
6733 7489
6879 5576
388 7159
602 4022
3059 445
3706 3365
8299 5505
254 6165
1906 3562
3803 2417
5205 8247
5553 4164
5598 7716
6293 7084
7956 2296
3757 6739
5727 7183
5827 7460
7659 123
597 2476
1959 6264
2491 5184
2905 6947
3801 1471
3959 6508
5507 7653
5523 3874
5542 7721
6252 2148
7714 4212
8085 2249
286 1385
525 8023
984 5459
1228 2276
2725 4825
2821 3049
3026 6441
3089 1419
3238 2324
3539 775
3604 4012
3607 2200
3774 1683
3936 328
4315 493
4439 6820
5287 4577
5440 1902
5484 3719
5898 4433
6019 2804
6663 5877
6851 8426
7305 1469
390 1704
399 2869
467 7609
782 6791
784 6758
833 8488
1076 655
1380 8261
1814 838
1935 3783
1946 6433
2108 5959
2152 5839
2382 7355
2487 5566
2656 2768
2761 3371
2949 2320
3316 6582
3643 8430
4644 3516
4702 2823
4718 4810
4887 6394
5032 5985
5201 5339
5223 4497
5989 4156
6274 1709
6453 5908
6849 5738
6902 1198
7356 3978
7460 6417
7515 4752
7594 2410
7848 1941
8016 8278
8034 8480
8098 7059
8179 2680
8451 535
8544 1768
259 7301
2217 6647
3758 4308
4593 593
5892 4035
6938 4487
6963 807
1464 1783
2406 7005
4008 715
4550 3683
8409 2692
700 7079
1292 6161
1475 4213
1633 1911
1828 5126
2256 4921
3410 7163
3705 91
3994 1728
4157 7683
4719 6585
4998 1467
5246 5499
5344 3955
6000 7302
7423 2775
7648 343
8350 4248
6043 4219
709 4007
1069 4193
1206 3179
1325 7201
2546 4371
2772 5655
3257 4489
4443 2481
4604 527
4899 194
5628 1034
6161 6278
7832 8355
7769 8507
8483 6643
265 2979
2526 7918
3613 2055
5071 3275
5202 7080
8121 1177
835 618
1590 2433
2392 5041
2940 7319
3087 3782
4275 7646
5169 4870
6827 3340
7216 822
7876 7383
8111 2196
8148 3922
8353 7825
424 4850
439 3712
1669 7410
1802 7930
2512 6768
4470 114
5558 2127
5676 5599
7980 761
268 2837
5454 8108
6875 6965
1805 2194
5259 1249
7613 6564
2368 1774
3216 5951
3876 251
5322 4790
5785 5558
5840 1964
7502 206
271 401
6817 8112
8245 7732
6398 1143
1166 6179
2823 6978
3562 412
4040 5981
4184 3541
5780 3850
6629 3406
7644 4793
291 6545
294 150
2329 4061
2425 1976
711 8561
2474 3306
3785 5972
4594 5375
5245 514
5603 2278
6401 6140
2584 3957
6186 1799
6888 7631
3506 4624
5917 4772
279 5455
1548 5535
7145 7866
7645 4737
698 4693
1036 7031
1117 6477
1504 3152
2277 3433
2658 4266
3484 8242
5078 5788
5690 6726
7852 3088
284 5446
735 8574
4466 6062
5001 701
283 4735
4254 1581
6254 1091
1660 2241
3080 8094
8043 1185
1585 7130
2221 545
3252 3391
7954 3871
1094 2062
1311 8103
1666 7974
1897 2873
2573 4995
4124 8116
4408 5978
6498 8422
6973 686
570 4483
965 2351
1141 5435
1214 8437
5868 1405
1324 6688
1668 6940
4050 7527
4450 125
7290 4631
298 1267
1672 8192
1847 8190
2347 7534
2931 7967
3873 1925
5894 382
6176 670
6763 852
6824 739
6861 2367
7018 3913
7521 3034
7685 4458
8291 3968
8444 6741
4881 5078
6311 5507
7984 1090
692 3163
3347 254
4687 1145
3794 2875
7547 7547
1752 4557
2125 8035
1356 4879
1685 4014
2378 8188
3655 7842
3784 2840
4089 3948
1355 3504
1921 4610
2927 2137
5659 7418
297 1415
994 3056
1538 4080
3385 7430
5878 5919
7118 5819
1383 3716
1727 6920
3198 6527
4043 2674
5315 5988
6244 7688
6525 8492
6702 3647
7867 171
4989 1684
5174 6594
300 None
2089 4158
4069 2494
5604 1174
301 6123
580 8065
1735 903
2017 1644
3116 4129
3199 501
3303 2990
3315 5371
3591 7655
4419 3168
5861 6100
7452 2538
7637 1332
7639 6817
7912 2896
4083 8039
4934 4862
304 8043
2473 1732
4722 8460
5526 6476
1306 4641
5272 8501
306 2385
2530 6867
307 2388
3730 482
903 5730
4933 6711
6549 1659
7359 2164
7394 1403
7778 600
4077 868
1602 5453
4906 6065
6818 3535
4056 4814
4137 4716
4796 3534
7800 2762
7805 1974
527 5715
838 743
2966 2929
4145 7845
6756 7277
6838 1315
3420 5745
5372 1615
898 None
1706 4088
3310 800
3963 1442
5057 7583
6496 None
317 3382
1772 7786
5795 1510
8344 1404
1451 3531
4516 8351
5193 5442
7264 5628
319 6256
4768 7950
7955 133
8258 813
323 7078
883 4180
4156 6453
324 1885
1607 2426
7657 159
2686 4968
3361 8349
6283 6624
7170 8195
8443 8358
326 5878
1412 2952
1839 7315
3162 3208
3804 2686
4087 1179
5003 4899
5119 549
6193 8041
6560 6609
7298 3310
328 4386
2102 5485
2875 1283
4714 1290
6595 5987
4291 2757
4834 2891
6997 6374
4552 1006
8399 2269
569 6143
2020 7798
2888 4679
3332 396
3868 6020
4242 1722
5736 7999
6648 3022
2483 7280
7240 4333
334 None
8462 383
1474 7690
2900 5861
4391 5075
6410 6229
336 None
337 8547
338 211
1519 1338
1534 7266
1739 2073
2663 1434
3806 2604
6823 3120
595 8205
701 1351
2276 5216
6280 1685
7157 1142
341 1694
6695 5424
7726 7961
8485 6797
2179 4094
2785 3658
7332 1046
7614 1269
343 2113
725 4484
3552 3607
3968 2390
7191 2531
366 5112
5347 491
8461 5347
7163 6840
7754 1586
3575 5710
4135 2297
380 4847
1612 6856
6083 3994
350 5783
5586 3328
351 6424
2079 340
5155 6913
5743 2318
8293 3681
352 3533
1651 8037
7864 7986
922 2024
3371 4247
3442 5794
6607 5045
8287 5683
3366 281
6488 5625
916 605
2508 6369
2812 3129
4311 464
5264 5419
7453 3817
7768 5863
8532 6749
2021 5693
2261 7783
3137 8246
6239 575
7571 6332
4030 375
4262 8099
5209 181
533 8421
1941 1023
3010 384
3173 1077
5817 1871
6312 1149
2066 8486
5367 None
6872 7765
7662 5837
7692 4648
1304 4662
1498 418
4935 1626
363 261
3750 5591
4995 6183
7709 4517
8024 6486
364 49
4772 8033
913 3988
1621 7198
3974 3054
4096 3771
6465 6195
7522 5840
2703 5232
2930 5537
5648 7412
7970 6107
8001 5957
8540 8085
367 3679
1589 3928
1961 6526
2641 30
2897 753
2938 None
4701 4544
5191 2524
5854 6318
6487 7390
7913 None
8002 0
368 4677
6144 1081
6303 3619
6618 6448
8385 6999
3911 6007
6829 6914
5199 885
6799 3892
7737 79
8250 3102
7158 None
5381 6916
5441 2307
5855 3805
654 984
666 4175
1175 7480
1495 8051
1635 7472
1707 2477
1996 5917
2454 4966
2839 7425
2868 8420
2956 7250
3302 8378
3382 5800
3680 4145
3682 3117
3819 3121
3931 6703
4160 8031
4188 5518
4617 2467
4799 3841
4817 7523
5181 3698
5823 216
5913 2666
5970 3536
6255 5141
6300 8371
6408 5705
6632 8341
6862 5386
6987 5297
7142 5525
7509 7202
7660 2791
7748 3652
8480 6431
8530 439
7457 4768
7786 3951
8201 6243
1098 1717
1202 2373
1775 3366
2344 None
2934 1498
4005 7794
7062 2976
7373 3990
2805 4267
5789 7759
6344 2197
382 640
1085 1420
4449 7658
1528 3843
5963 3336
2816 None
4537 7095
6923 284
6499 2764
6552 4822
2284 3916
574 6693
1155 8088
1226 2981
1622 2015
2945 1047
3210 2736
4938 2542
5815 2514
6441 249
7686 3402
8076 1696
8521 1134
1577 6981
2860 578
6777 4785
8416 5316
2012 3806
3202 6563
3654 2681
4615 8317
5179 2104
5614 64
6466 4963
6639 5030
6072 3039
1910 68
396 None
1488 5295
2023 4564
3086 1278
3478 3070
8522 738
1556 5597
1779 2328
1070 7216
5634 644
400 None
995 187
402 3524
5289 332
7459 5696
5517 5854
404 6777
1720 7314
2306 3414
2514 3216
3172 1361
4012 3422
5943 4037
6261 None
8366 2479
8465 4315
611 85
3885 2999
4113 102
5726 8508
5862 8496
8126 3492
8436 921
407 5769
2095 5089
2878 4683
5203 3131
6302 2749
410 None
411 3080
943 580
1473 5171
2226 1131
2828 7554
3331 2997
4409 8244
5013 979
5038 4397
5886 4200
6707 770
7222 803
8053 6860
2700 1015
7937 7391
3188 3381
1302 6387
2160 423
416 7399
1536 6090
7055 7744
2029 127
3904 7051
4158 6104
2236 5351
3433 1721
8133 4416
423 8149
2815 2809
6223 3098
2634 3233
4568 3852
8286 6885
8365 None
8569 142
2749 2900
2977 882
2953 7361
5273 4306
1999 5460
2762 1229
6134 2948
7009 589
428 629
8523 190
429 None
3147 2958
3396 4274
3964 3133
4191 8232
6411 1472
6458 3858
1265 6832
4589 4518
6679 5994
7793 866
1095 5310
1410 1446
4249 130
4425 2932
4469 4327
4666 2943
7237 6151
7565 180
7592 6473
8571 7122
433 8469
4399 8042
2801 7531
4253 1589
4422 5046
6620 6175
7336 3353
438 7878
5979 6663
553 7001
985 8292
3451 5887
3896 8366
4912 8020
4922 366
5353 7795
5460 329
5857 None
8208 1478
8534 7949
442 2161
502 6697
1689 None
1853 6780
3320 6665
3841 1089
1111 5335
2976 3042
4866 1462
444 7932
2140 1602
5244 5971
6845 6773
791 7331
1930 4117
3924 7761
3951 7799
4389 649
4624 8403
5102 6556
6811 5217
7436 6037
7480 6218
7816 3812
447 8472
3289 4984
3598 7372
4569 3787
5235 280
1532 6686
5331 7423
7440 2527
2032 4769
6013 277
6469 7403
3797 3829
1978 1169
6551 2335
454 7323
2716 5850
2451 126
3996 6138
542 8502
1650 4526
2858 7455
3378 6728
7434 3388
5624 3134
1809 526
740 5678
3016 5417
3942 7053
6796 7718
6859 5227
1468 4115
1899 4619
4289 4240
7187 420
7241 3912
1789 4243
3158 7311
466 None
3339 1547
3733 638
3454 935
5899 5574
7546 6210
3573 5314
851 6764
6933 5764
3817 1087
473 1825
2424 936
2522 6158
2733 6378
7583 2427
475 6929
3226 1514
4107 5431
6848 2470
3890 2248
6005 7496
479 5827
1773 5675
1813 1173
6061 8291
7083 2395
7968 359
480 2619
1240 4831
2214 617
2416 8122
2575 7402
3953 8227
7393 5856
7916 2700
7932 7905
3463 7322
7125 4043
592 6167
2063 4208
5304 828
7516 7857
7086 6170
486 63
3541 161
1255 4244
6895 3357
6898 1013
7468 5737
1718 2293
2369 5639
6213 4978
8442 1144
931 2401
1173 None
2077 4028
4065 4748
6314 4369
7338 5748
868 1760
2539 313
3317 793
3423 7879
4142 4169
5351 6698
5909 4017
6045 4149
7730 279
2625 4521
493 None
6127 6769
3606 8354
1191 379
3398 3827
4091 7119
6656 827
8223 2472
585 6407
4192 3915
4712 1342
7966 2578
8484 4528
2177 3175
3602 282
6778 4794
6968 6550
7820 7981
3637 906
501 5048
1037 4719
1417 3888
5589 1826
6260 45
8406 1505
1056 1186
1543 5815
2636 None
4126 4604
6455 5816
7919 5407
8173 None
876 2886
3870 2693
4477 1933
6708 940
5252 4853
7787 7011
508 1999
4629 719
5198 2549
511 7133
4968 3834
4413 2072
6207 8160
5183 8444
5551 3089
1871 1989
2135 8006
517 3128
6192 7788
7495 7378
1723 6510
7031 3125
3015 2563
4566 5179
3779 708
4304 537
4534 5526
7845 6987
521 3565
777 4131
1582 6235
1957 5667
6038 3960
7392 4705
7654 4926
7544 7994
3177 4001
3729 7440
529 5747
534 7287
1096 4411
1320 6636
6821 6767
8069 5545
8343 None
8217 2817
5358 135
4318 858
8527 3122
3093 4896
3107 5400
5897 2495
6155 2170
7638 3675
1511 7892
6218 4298
7058 2802
1413 7128
4381 2036
5184 6396
843 4093
1554 7325
2014 1401
3222 7629
3395 8135
4204 4173
4894 5948
5470 1118
5482 7139
1421 2540
3674 7474
7907 1384
2218 4944
1746 6259
7780 3343
559 2208
4256 4809
614 1789
2275 3845
3498 1140
3670 3642
3862 None
7363 1379
7736 3856
861 4171
5352 875
6216 7515
567 None
568 7881
4070 6365
4815 5612
4694 7086
2159 5236
3335 6291
4141 5259
4202 4980
4600 2812
2399 6837
6140 3337
6064 4430
1989 3392
2431 6239
3728 1108
5075 1583
1696 6637
3734 119
581 2064
2776 1571
3009 7579
683 676
707 4009
1285 6233
1388 2198
1477 6754
1575 5275
3124 6286
3751 1761
5266 5601
5356 2283
6227 467
6554 1655
6687 1736
7357 42
7402 4943
7821 6683
8103 106
8112 1116
3233 3540
4440 1421
8414 7437
6164 3326
8560 7566
8231 4348
3197 5161
4131 2404
6883 3598
8013 1001
1510 2704
2270 3502
1647 2302
6576 4422
6937 7482
7115 1225
5570 8009
593 None
2536 7946
5865 1444
8117 402
6191 732
4022 861
6534 7248
6627 2507
598 7454
1544 1630
3327 5134
5248 6281
3120 8560
5919 5047
7039 6271
2299 4777
3952 8418
605 4379
7702 4026
5992 8455
6236 4067
7096 7789
1674 3886
5408 3277
7426 3265
3164 6192
3218 662
3838 2655
7250 2962
2504 7619
7896 3334
615 1898
2992 2510
616 3634
2590 6057
7781 60
7288 6519
7148 1832
2910 3575
964 488
4993 3261
7134 6784
8488 2112
623 5166
1116 2630
5715 648
7140 1175
625 None
627 2838
2759 2420
2766 4434
4598 4602
3351 4343
7798 8029
1267 2707
2187 3183
5819 1359
7967 5031
1315 3586
3079 4144
5255 692
4761 288
4959 4765
5631 4176
6215 1206
6459 3010
7630 1364
638 None
6794 3818
7877 1148
7556 658
3379 8081
7445 7506
6362 3048
2701 450
5127 2402
7750 None
652 None
3427 2160
3910 6180
6317 3745
3824 4042
4402 3674
4649 1400
5061 748
1382 1712
2031 7363
3508 4740
5506 6217
5911 7595
6031 7726
6162 5143
7518 3867
8289 2706
847 8491
661 1690
1584 None
4923 4844
5171 6105
8113 3898
5562 6573
664 8238
1887 2701
2580 5478
3159 7978
2562 4952
4064 975
6291 None
669 3925
2070 1682
5232 1635
8114 6449
2556 1864
2630 1026
6248 3228
4918 14
1807 5934
5597 5907
6170 4284
7481 8384
676 4289
7461 4805
677 5201
3747 None
6653 8226
3285 3941
7235 642
8051 8267
684 1582
685 105
3153 330
2510 2478
4334 6618
687 None
718 7555
2936 4073
3589 6268
6686 4053
8018 5356
2015 749
3170 2407
3761 8218
7944 5032
695 6375
696 5428
5299 2928
5342 5224
6842 6197
1231 8406
2405 7310
3988 4617
4143 7213
5744 6540
7712 896
3455 4490
3497 4151
4400 7730
4531 5814
7425 1270
8180 3494
1863 646
706 1240
7489 7877
4310 6876
4706 3808
8474 3956
1844 4800
4579 6853
4928 4502
3760 7495
5686 8510
7785 3359
8433 4555
4484 2035
3891 8489
6105 871
6432 7738
6078 5343
5745 2372
6660 6827
6751 4736
716 6343
1329 5248
6237 2380
1411 679
1636 4062
7244 None
8574 5234
2301 None
722 1117
723 3040
7562 None
724 3360
5846 1154
728 6921
3312 None
8431 None
6052 2360
2360 5474
5161 2247
7890 8438
732 3939
3746 3667
5442 627
911 1674
928 8170
1264 970
1759 2745
1812 5258
1856 7508
2139 4900
2195 972
3168 3443
3390 4505
3759 7160
4174 1082
4316 5222
4583 346
4808 5301
5089 2211
5540 4337
6559 6650
7015 2780
7073 4384
7321 8167
7559 5991
7650 4313
8372 5127
987 5793
2838 4792
739 None
891 8206
3886 4162
2955 7712
2999 7633
5187 4257
6703 1029
7429 5149
7688 7030
7757 7334
2485 2050
3081 6662
1841 7369
2633 806
3732 2442
4660 4405
8519 8373
746 4868
1159 3668
4845 365
2702 218
7560 7739
1761 7157
3837 2904
750 791
2109 3354
2834 4130
1136 6221
2222 7025
3436 6924
7132 7875
756 None
5940 5355
5847 1096
3357 2087
8516 7177
1570 8379
806 1044
786 2584
1642 4220
1732 6532
2422 2848
3039 2713
4277 2020
5896 5891
8455 6301
4084 None
1958 5631
780 4811
4966 4717
5492 4418
2387 6654
4826 8254
5705 6874
785 3099
1741 2233
4681 95
5424 6899
6802 5018
6908 1155
7353 6313
3384 4646
6614 5874
999 1387
800 6164
1942 6727
803 None
4035 None
5563 4507
8163 4550
809 7668
8132 886
3702 5937
1879 2586
2039 391
5383 6157
815 7420
2637 3218
816 479
817 7550
1614 3593
2297 8311
2698 543
3640 7365
4945 267
5503 5181
6304 2376
6854 4031
4842 8038
1770 8067
6256 8098
7128 3636
7297 4758
2110 900
2482 1275
8305 2980
832 2600
1153 1429
2627 4549
3737 7125
970 5638
1683 1208
2662 6737
4502 1611
7041 6852
2825 2844
4957 214
4108 None
4392 3439
7109 7692
8469 8344
4852 1996
857 None
4336 8323
1375 8125
1901 1741
2237 888
1490 None
8165 6462
862 8380
863 4539
4210 6815
5830 1779
872 1476
956 1916
5801 6358
8036 5996
2203 7234
4749 3627
6003 1201
3002 7470
6857 1273
6100 4300
1786 4972
2253 4917
2266 None
3365 2052
3985 1821
5834 1337
1030 7292
1753 4982
894 2157
4977 4701
2395 714
3627 7607
904 5378
900 None
7723 5595
901 4181
7961 2051
3145 1664
5368 2330
7124 2512
910 5513
1571 None
3980 None
6975 6873
7181 4826
8178 6547
1230 255
2756 8327
2087 4955
2471 1858
4155 6973
5176 3831
6831 5533
7535 None
8367 1513
8500 None
3756 3838
1227 2889
3802 5575
4309 2017
6989 916
1072 3921
4490 2315
6795 2501
7738 5739
1861 3009
1143 6464
5485 747
3343 7023
3938 7505
1332 6592
1624 3320
4547 4410
4623 4436
941 4488
5566 5515
8228 7291
5115 7214
951 978
952 6985
1121 2598
7023 4975
8466 5562
1934 8097
4862 7320
6012 5124
3025 2225
1273 38
2560 6559
2288 6713
2644 428
5869 None
2122 794
5501 509
5707 8047
7619 949
8249 5131
972 5750
4154 7392
5095 None
3271 5091
1859 3024
2002 None
5716 8429
7911 8514
977 5718
3249 1806
7360 7517
1800 None
7971 7876
4750 2025
4163 5585
7431 2010
989 None
1883 1627
4139 7639
1944 4780
1249 5941
1649 None
3518 1640
3843 5680
4364 492
6841 2119
2069 235
6416 None
6697 2383
8556 6872
6103 5665
2694 5602
3143 2281
1008 4362
2341 952
5230 5755
7922 6871
3265 8083
1031 3611
1034 None
3242 7800
3534 5997
6117 3563
7810 4401
8251 4339
1491 3935
3815 324
4067 8016
5528 3075
5829 5761
7558 None
6297 None
2907 4188
4217 6701
6990 1276
1425 6718
2013 4221
4969 None
6584 5781
1045 None
1687 8457
7317 1896
1051 None
5427 6997
8226 5780
1057 6467
7196 2422
1059 754
3457 1241
1064 1792
4833 709
3571 6091
1646 6655
8558 5477
7221 6543
2458 4678
4743 3835
7283 1824
7681 2419
3175 5582
1079 5340
2863 2178
7640 7982
1082 None
4846 1227
3051 1901
1086 3574
4549 215
8093 3964
1917 None
3228 8066
1936 1816
1100 7082
6882 3899
3995 8495
1105 None
2308 6022
2691 6030
6440 4254
4903 5886
2696 2753
2939 1022
1112 8198
3044 None
4265 2564
5824 8174
4362 6762
1127 None
3286 8061
1133 4890
8198 6720
6332 2147
6369 7512
7676 4475
6693 3229
2870 3174
4341 7486
5365 4172
7007 4358
7885 4685
5524 1511
6820 4776
8257 1347
5165 320
2132 6612
4709 1856
6147 5838
1441 3375
6495 5933
7375 5945
2595 None
1189 6066
1190 5685
1195 None
5323 6338
6830 None
5891 7934
6515 2356
4499 1033
4501 3456
1606 5674
1200 1007
1653 None
1933 7090
2185 2357
5525 481
1204 3259
3219 None
4870 4471
6657 263
4231 7775
6133 8022
1208 8106
3053 6187
4303 7042
6605 1330
2142 4087
1212 None
4538 4500
1221 7603
1225 3424
1234 None
7258 1884
7331 2023
7809 6184
3771 6664
1461 3052
2553 2175
1469 8240
5926 7299
3360 1638
4017 None
6350 1137
8473 5930
1253 None
6058 1167
7542 3671
1266 6659
7519 5821
5100 3270
6417 1542
8429 6984
3593 3059
1610 6002
1698 1156
1276 1032
1278 36
3639 1523
1279 4360
1287 None
6775 2648
7411 8544
2594 319
6482 318
8528 4670
5957 5952
6489 None
2850 2115
4180 3530
4042 507
5532 483
3290 5345
6014 2907
6971 7417
6032 7987
6590 108
1319 4178
6890 2759
2947 6430
1327 None
6258 6983
7699 6531
6716 None
1345 147
3524 2618
1349 1139
3391 None
6119 4160
1374 538
1357 None
3821 1576
7627 7924
1366 6818
8577 5496
4423 1025
8379 6761
1923 6403
2372 None
4942 8346
5499 None
6405 2235
1750 1506
6206 1829
7812 6236
8283 6045
1390 4849
2131 1951
2565 6213
4258 7002
2774 2142
1399 None
8402 6946
3961 1094
7611 6993
3125 4637
4703 6238
1644 3632
1408 4898
1762 7687
1613 7448
1418 5598
1419 None
7193 None
6637 1800
7208 5923
7333 5826
3017 7376
4302 1035
8207 None
4367 6131
1427 None
2201 6124
3554 199
1867 5336
3082 2086
5467 4848
5833 5542
7369 6452
4792 6442
5864 864
6913 7911
1450 6216
7040 6402
3540 228
4847 None
3605 4998
2461 5547
4497 None
8240 3065
3983 1968
8059 6188
4293 7077
1497 None
7368 None
1513 None
5766 1061
2597 3847
6114 5365
3345 1545
7366 7913
1523 7110
5985 7729
2053 3618
6232 6625
1527 1128
8048 None
5621 1000
3012 None
5755 4880
6074 4842
2193 8345
1560 6896
4482 2491
1546 None
1551 None
3318 6869
1555 6552
1984 2863
3675 4993
4691 3240
7408 3363
7095 8183
3820 8543
2952 6041
6326 5220
7182 1518
4915 7094
1583 None
7651 1794
1586 None
4404 8324
7388 3290
2623 None
2144 3720
2787 None
1617 474
2665 None
2731 None
5279 7075
6518 2910
1623 None
5956 2845
2165 5901
5049 6836
3505 4097
3832 5615
1648 1962
8081 None
4909 8264
1657 3404
1658 6097
1663 5145
1667 None
8565 None
1670 None
7801 8152
6435 4904
8554 2760
4058 1314
5999 8461
5186 6811
8513 None
1709 3245
1711 None
2260 3325
3458 3678
7370 None
5412 8364
5395 6986
1736 None
3076 7883
2657 4915
7091 2859
4274 None
8028 None
4166 5467
6537 865
5961 7254
7669 5640
6057 5239
6847 None
7111 6548
1797 6367
3656 2969
3835 5741
1799 5397
4685 246
2263 730
4889 1969
7299 4892
7713 3425
1811 None
5581 5443
1817 3597
1818 None
3074 None
1827 4319
1831 779
2635 1009
1838 6381
2780 None
1840 None
6871 5282
1845 None
1852 3150
1855 None
2456 2171
3507 None
1865 2731
1870 2392
4635 6294
4944 1791
1877 None
2340 2645
1962 None
6246 None
1884 333
4673 5086
1885 4104
4411 None
8151 4076
1888 None
1896 1432
7378 2548
5610 5779
8042 7037
1914 3728
2192 5153
5215 3413
6886 7330
4507 None
7846 None
5121 4779
3648 168
3833 5064
5044 7915
5820 2937
5654 2347
2384 None
2751 None
8040 7327
3798 458
5508 3936
5994 2242
1976 2287
2605 None
5966 None
1990 None
1991 None
3213 5589
4081 3865
2018 4957
5233 7939
7711 3432
3716 4272
2036 6201
2809 4764
8467 1075
2057 None
4825 3556
2062 None
4753 5565
2081 None
2082 None
8262 None
2090 None
5769 7179
6063 3596
6422 1200
4838 None
6965 None
7933 4872
2143 5110
2148 1857
5932 1657
6578 337
6157 3557
7419 2219
5635 8162
4983 None
2197 3164
2202 2664
2555 6996
4248 2085
2401 7360
8391 6383
5692 None
2687 5483
6007 1613
4638 6163
3447 7045
8167 3237
7385 4746
2255 6209
2957 None
2729 None
2996 7682
2286 3643
3372 3568
2305 2082
2350 None
5556 None
6609 None
7865 7224
8297 2620
2320 66
8213 None
4436 3823
4371 None
5997 3103
6267 None
4272 6623
4403 999
2342 None
2813 6050
2352 None
6036 None
6269 None
3792 None
5126 None
5158 None
4949 5388
2397 5983
2400 None
2488 None
2712 None
6524 755
7335 3773
2436 None
5490 None
2438 None
7019 None
2442 None
5543 1859
5350 None
8363 4122
4787 688
5776 None
6039 5804
6722 4867
2506 1841
7791 4782
5796 6385
8176 6722
2513 2110
4101 None
6651 6008
5403 3082
2524 None
2534 None
2542 None
2544 7606
3884 6317
6397 8089
3251 None
2557 None
2607 3981
5498 5210
2563 None
3520 None
4308 745
6505 2285
8181 None
2576 None
2578 None
5474 None
8337 None
2581 3160
3256 None
7000 93
2589 None
2606 6843
4717 591
4813 5361
6240 4332
7893 5293
7442 2097
4338 None
7671 None
7552 None
8027 4377
2674 None
5737 None
4047 3670
4897 None
5371 4292
5278 7419
4655 None
2721 7188
4746 None
6770 None
2727 3503
8091 1740
7037 None
7229 1479
5594 5557
3582 5732
5046 2272
3867 2667
2768 None
6948 6865
8348 None
4280 7048
2791 None
2795 480
3762 None
5849 6651
4031 1398
2814 6844
3344 None
3854 3379
6238 1058
4699 None
2855 None
2862 4166
6510 6389
5669 3374
2884 None
2886 None
5697 7850
2892 None
6625 878
2915 8497
6792 2226
2926 2841
4512 8236
7376 None
2933 None
2942 None
4731 1311
5359 6673
5439 7980
2983 None
4734 None
3014 None
3019 6270
3041 None
3057 2821
4052 694
3136 969
3895 None
4129 None
4343 None
5667 8295
8411 None
3103 1988
3106 None
3108 None
4098 2836
3735 None
4491 8032
3118 3430
5151 None
3129 None
5065 2223
3130 6715
3978 None
4797 4236
3186 None
3195 None
3211 None
6585 None
5531 None
6168 None
4561 1468
3263 None
7655 None
3492 4381
7874 717
6471 None
4675 1130
3284 None
3294 None
4819 None
5388 5734
3689 3640
3350 1787
8205 6334
4014 None
7184 None
3407 4965
5765 2492
3416 None
6944 None
4167 487
4840 None
4988 None
7666 5926
3437 698
4378 None
3572 None
4457 1710
3483 None
3691 None
3494 551
5437 2765
4970 6886
4884 8214
7718 1956
3536 None
3561 517
3564 None
5434 None
7858 None
3622 None
4530 None
5754 706
6966 1297
3708 4873
4307 6241
4019 3889
6437 None
3768 None
3799 None
3811 None
3812 3641
4238 1869
5557 None
4354 814
4843 None
6734 None
6730 2474
4054 None
4521 4335
6846 None
5311 2206
7001 3372
7960 6211
4855 5634
3919 316
5262 2879
6389 7035
6920 4762
8292 7734
4529 7764
3975 None
7741 3695
3981 3189
4007 None
8538 None
5519 None
4487 None
4041 None
4049 None
4066 None
5122 3020
4618 7906
6080 None
8237 294
8323 6692
4149 None
4150 None
7220 None
8570 None
6433 None
5786 None
7174 None
5058 2504
5443 1888
5497 6599
4285 None
7398 4391
5577 8503
5681 None
4467 6855
7243 None
6717 601
4541 None
4543 4081
5456 7684
4609 None
4613 3484
6749 None
7813 3014
4650 None
7179 2722
5024 None
8437 None
5321 None
7762 4495
4783 None
7280 None
6852 None
4869 None
7731 6579
7952 None
4895 None
7574 None
5022 None
5476 7717
5030 None
6806 1845
6333 6299
5114 4127
5120 None
8475 7164
5154 3558
5172 None
6392 1516
5275 None
5627 None
5293 6114
7628 4751
5345 None
5376 1343
7856 None
5596 5694
7131 None
5487 None
7085 5504
6403 None
6355 None
5793 1949
6721 4654
5593 1650
7427 522
5873 6842
5729 None
8555 7354
5988 None
8029 None
7260 3292
6325 None
8021 None
6506 4338
6445 None
6526 None
6571 None
6611 None
6631 None
6650 525
6736 7562
6747 None
7267 4708
8008 550
8123 None
7340 None
7026 None
7127 None
7139 None
7381 None
7505 2263
7621 None
8233 None
7943 None
8576 1669
8493 None
8550 7733
